state_name,county_fips,county_name,per_dem,per_gop,per_oth,total_votes
Alabama,1001,Autauga,0.2872,0.6969,0.0159,27770
Alabama,1003,Baldwin,0.2478,0.7237,0.0285,109679
Alabama,1005,Barbour,0.4991,0.4902,0.0107,10518
Alabama,1007,Bibb,0.3816,0.6017,0.0166,9595
Alabama,1009,Blount,0.2769,0.7048,0.0183,27588
Alabama,1011,Bullock,0.6923,0.2922,0.0155,4613
Alabama,1013,Butler,0.4621,0.5289,0.009,9488
Alabama,1015,Calhoun,0.4056,0.5733,0.0211,50983
Alabama,1017,Chambers,0.4746,0.5101,0.0153,15284
Alabama,1019,Cherokee,0.447,0.531,0.022,12301
Alabama,1021,Chilton,0.3184,0.667,0.0146,19310
Alabama,1023,Choctaw,0.5027,0.4882,0.0091,7464
Alabama,1025,Clarke,0.4352,0.5569,0.0079,13135
Alabama,1027,Clay,0.3476,0.6322,0.0202,6930
Alabama,1029,Cleburne,0.3268,0.6546,0.0187,7227
Alabama,1031,Coffee,0.3382,0.6439,0.0179,22275
Alabama,1033,Colbert,0.4896,0.4885,0.0219,27886
Alabama,1035,Conecuh,0.5014,0.4862,0.0124,6441
Alabama,1037,Coosa,0.4607,0.5216,0.0177,5479
Alabama,1039,Covington,0.3262,0.6583,0.0156,17430
Alabama,1041,Crenshaw,0.4033,0.5825,0.0142,6617
Alabama,1043,Cullman,0.3305,0.6488,0.0207,41851
Alabama,1045,Dale,0.3104,0.6702,0.0194,19738
Alabama,1047,Dallas,0.594,0.3986,0.0074,17864
Alabama,1049,DeKalb,0.3478,0.6323,0.0198,29356
Alabama,1051,Elmore,0.2794,0.7048,0.0158,41030
Alabama,1053,Escambia,0.3879,0.5982,0.0139,15910
Alabama,1055,Etowah,0.443,0.5359,0.021,47728
Alabama,1057,Fayette,0.3924,0.5868,0.0207,8766
Alabama,1059,Franklin,0.4317,0.5511,0.0172,12578
Alabama,1061,Geneva,0.2897,0.6892,0.0211,12545
Alabama,1063,Greene,0.7971,0.1934,0.0096,4775
Alabama,1065,Hale,0.6017,0.386,0.0123,7900
Alabama,1067,Henry,0.4013,0.5848,0.0138,9298
Alabama,1069,Houston,0.2936,0.691,0.0154,46173
Alabama,1071,Jackson,0.5063,0.4733,0.0204,23636
Alabama,1073,Jefferson,0.4745,0.5059,0.0197,325848
Alabama,1075,Lamar,0.366,0.6166,0.0174,7193
Alabama,1077,Lauderdale,0.4317,0.5439,0.0244,44339
Alabama,1079,Lawrence,0.5167,0.4654,0.0179,16031
Alabama,1081,Lee,0.3809,0.5863,0.0329,71449
Alabama,1083,Limestone,0.3805,0.601,0.0185,49235
Alabama,1085,Lowndes,0.7299,0.2624,0.0077,6835
Alabama,1087,Macon,0.868,0.1235,0.0085,8723
Alabama,1089,Madison,0.4253,0.5485,0.0262,194767
Alabama,1091,Marengo,0.5039,0.4881,0.008,10900
Alabama,1093,Marion,0.3913,0.5878,0.0209,13807
Alabama,1095,Marshall,0.3709,0.6104,0.0187,39655
Alabama,1097,Mobile,0.4196,0.5593,0.0211,183164
Alabama,1099,Monroe,0.4179,0.5757,0.0064,10668
Alabama,1101,Montgomery,0.5026,0.4834,0.0141,99139
Alabama,1103,Morgan,0.3763,0.6039,0.0198,53722
Alabama,1105,Perry,0.6947,0.2993,0.006,5230
Alabama,1107,Pickens,0.4851,0.5042,0.0107,9668
Alabama,1109,Pike,0.4132,0.5745,0.0122,13841
Alabama,1111,Randolph,0.3907,0.5892,0.0201,10837
Alabama,1113,Russell,0.5683,0.4195,0.0123,21329
Alabama,1115,St. Clair,0.2692,0.7105,0.0203,44441
Alabama,1117,Shelby,0.2122,0.767,0.0208,114950
Alabama,1119,Sumter,0.7252,0.2676,0.0072,6291
Alabama,1121,Talladega,0.4426,0.5425,0.0149,35663
Alabama,1123,Tallapoosa,0.3804,0.6033,0.0163,20991
Alabama,1125,Tuscaloosa,0.4095,0.5656,0.0249,90172
Alabama,1127,Walker,0.4532,0.526,0.0208,31170
Alabama,1129,Washington,0.4458,0.542,0.0122,8876
Alabama,1131,Wilcox,0.6719,0.324,0.0041,5903
Alabama,1133,Winston,0.2889,0.6882,0.0229,11284
Arizona,4001,Apache,0.6695,0.3057,0.0249,35268
Arizona,4003,Cochise,0.4019,0.5469,0.0512,60665
Arizona,4005,Coconino,0.496,0.4296,0.0744,73632
Arizona,4007,Gila,0.4341,0.5164,0.0495,27735
Arizona,4009,Graham,0.3472,0.6216,0.0313,15029
Arizona,4011,Greenlee,0.4108,0.547,0.0422,3696
Arizona,4012,La Paz,0.3946,0.5673,0.0381,7472
Arizona,4013,Maricopa,0.4288,0.5323,0.0389,2076086
Arizona,4015,Mohave,0.3958,0.5525,0.0518,104883
Arizona,4017,Navajo,0.469,0.4925,0.0385,51930
Arizona,4019,Pima,0.5134,0.4331,0.0534,522174
Arizona,4021,Pinal,0.4759,0.4873,0.0368,185525
Arizona,4023,Santa Cruz,0.5884,0.376,0.0355,19581
Arizona,4025,Yavapai,0.3527,0.5884,0.0589,143640
Arizona,4027,Yuma,0.4207,0.5482,0.031,70072
Arkansas,5001,Arkansas,0.4515,0.5262,0.0223,6292
Arkansas,5003,Ashley,0.5142,0.4686,0.0172,7926
Arkansas,5005,Baxter,0.39,0.5709,0.0391,21007
Arkansas,5007,Benton,0.3221,0.6494,0.0285,119912
Arkansas,5009,Boone,0.3295,0.6285,0.042,17114
Arkansas,5011,Bradley,0.5333,0.4506,0.0161,3654
Arkansas,5013,Calhoun,0.4654,0.5162,0.0183,2182
Arkansas,5015,Carroll,0.3749,0.5794,0.0458,11797
Arkansas,5017,Chicot,0.6334,0.3513,0.0153,4103
Arkansas,5019,Clark,0.5403,0.4377,0.0219,8395
Arkansas,5021,Clay,0.5978,0.382,0.0202,5183
Arkansas,5023,Cleburne,0.4036,0.5614,0.035,12680
Arkansas,5025,Cleveland,0.4445,0.5275,0.028,3600
Arkansas,5027,Columbia,0.4301,0.5392,0.0307,8616
Arkansas,5029,Conway,0.4833,0.49,0.0267,8685
Arkansas,5031,Craighead,0.492,0.4833,0.0248,38511
Arkansas,5033,Crawford,0.3568,0.613,0.0302,24091
Arkansas,5035,Crittenden,0.5459,0.4426,0.0116,16367
Arkansas,5037,Cross,0.4981,0.488,0.0138,6942
Arkansas,5039,Dallas,0.5143,0.4725,0.0132,2649
Arkansas,5041,Desha,0.6176,0.3566,0.0258,4164
Arkansas,5043,Drew,0.5167,0.4654,0.0179,6908
Arkansas,5045,Faulkner,0.409,0.5495,0.0414,54428
Arkansas,5047,Franklin,0.4355,0.5337,0.0308,7129
Arkansas,5049,Fulton,0.481,0.4956,0.0234,5119
Arkansas,5051,Garland,0.4408,0.5315,0.0277,44199
Arkansas,5053,Grant,0.4216,0.5463,0.0321,8200
Arkansas,5055,Greene,0.5062,0.4671,0.0268,16100
Arkansas,5057,Hempstead,0.5401,0.4468,0.013,6848
Arkansas,5059,Hot Spring,0.5033,0.4592,0.0375,12557
Arkansas,5061,Howard,0.4627,0.5216,0.0157,4834
Arkansas,5063,Independence,0.4439,0.53,0.0261,14512
Arkansas,5065,Izard,0.5141,0.4573,0.0286,5810
Arkansas,5067,Jackson,0.6013,0.3755,0.0232,5091
Arkansas,5069,Jefferson,0.6513,0.3222,0.0265,25158
Arkansas,5071,Johnson,0.4566,0.5107,0.0327,9498
Arkansas,5073,Lafayette,0.5338,0.4546,0.0115,2679
Arkansas,5075,Lawrence,0.5389,0.4348,0.0263,5857
Arkansas,5077,Lee,0.6617,0.3278,0.0104,2848
Arkansas,5079,Lincoln,0.5519,0.4303,0.0178,3875
Arkansas,5081,Little River,0.5478,0.4338,0.0184,5177
Arkansas,5083,Logan,0.4055,0.5542,0.0403,8225
Arkansas,5085,Lonoke,0.3818,0.5911,0.0271,30662
Arkansas,5087,Madison,0.3651,0.6018,0.033,7351
Arkansas,5089,Marion,0.3712,0.5656,0.0632,7503
Arkansas,5091,Miller,0.4567,0.5294,0.0139,16529
Arkansas,5093,Mississippi,0.5647,0.4131,0.0222,12342
Arkansas,5095,Monroe,0.58,0.4036,0.0164,2816
Arkansas,5097,Montgomery,0.3846,0.5691,0.0463,3873
Arkansas,5099,Nevada,0.4995,0.4805,0.0201,3358
Arkansas,5101,Newton,0.3069,0.644,0.0491,3998
Arkansas,5103,Ouachita,0.5256,0.4559,0.0185,9629
Arkansas,5105,Perry,0.4113,0.5276,0.0611,4627
Arkansas,5107,Phillips,0.6462,0.3387,0.0151,6242
Arkansas,5109,Pike,0.4039,0.5729,0.0232,4246
Arkansas,5111,Poinsett,0.567,0.413,0.02,7521
Arkansas,5113,Polk,0.3218,0.6395,0.0386,8490
Arkansas,5115,Pope,0.362,0.6104,0.0276,24432
Arkansas,5117,Prairie,0.4457,0.5309,0.0234,3495
Arkansas,5119,Pulaski,0.5373,0.4394,0.0233,169956
Arkansas,5121,Randolph,0.5137,0.4548,0.0315,6812
Arkansas,5123,St. Francis,0.5869,0.4018,0.0113,7108
Arkansas,5125,Saline,0.3921,0.5748,0.0332,56959
Arkansas,5127,Scott,0.3627,0.6026,0.0347,3551
Arkansas,5129,Searcy,0.3029,0.6432,0.054,4019
Arkansas,5131,Sebastian,0.3873,0.5848,0.0279,47140
Arkansas,5133,Sevier,0.488,0.4917,0.0203,5202
Arkansas,5135,Sharp,0.4541,0.5189,0.0269,7566
Arkansas,5137,Stone,0.4204,0.5397,0.0399,5938
Arkansas,5139,Union,0.4011,0.554,0.0449,16607
Arkansas,5141,Van Buren,0.4585,0.499,0.0425,7807
Arkansas,5143,Washington,0.4164,0.5486,0.035,94266
Arkansas,5145,White,0.3766,0.5946,0.0288,30885
Arkansas,5147,Woodruff,0.6409,0.3387,0.0204,2476
Arkansas,5149,Yell,0.4726,0.4975,0.0299,6741
California,6001,Alameda,0.6936,0.2413,0.0651,769864
California,6003,Alpine,0.4522,0.4795,0.0683,741
California,6005,Amador,0.3819,0.5669,0.0512,22302
California,6007,Butte,0.3743,0.5445,0.0812,102042
California,6009,Calaveras,0.3758,0.5615,0.0627,27164
California,6011,Colusa,0.3122,0.6492,0.0386,7951
California,6013,Contra Costa,0.5881,0.3706,0.0413,581230
California,6015,Del Norte,0.3758,0.5457,0.0785,11452
California,6017,El Dorado,0.3635,0.5829,0.0537,116138
California,6019,Fresno,0.4305,0.5314,0.0382,364809
California,6021,Glenn,0.2868,0.6653,0.048,11292
California,6023,Humboldt,0.444,0.4148,0.1412,68828
California,6025,Imperial,0.5353,0.4328,0.0319,56718
California,6027,Inyo,0.3393,0.6031,0.0576,9481
California,6029,Kern,0.362,0.607,0.0309,305226
California,6031,Kings,0.3897,0.578,0.0324,43858
California,6033,Lake,0.5123,0.4158,0.0718,28800
California,6035,Lassen,0.2817,0.6688,0.0495,11985
California,6037,Los Angeles,0.6347,0.3235,0.0418,4263443
California,6039,Madera,0.3489,0.6074,0.0438,53722
California,6041,Marin,0.6426,0.2832,0.0743,155801
California,6043,Mariposa,0.3488,0.5855,0.0658,10280
California,6045,Mendocino,0.4834,0.3566,0.16,43336
California,6047,Merced,0.4508,0.5177,0.0315,90541
California,6049,Modoc,0.2301,0.7229,0.047,4338
California,6051,Mono,0.4091,0.5253,0.0657,6737
California,6053,Monterey,0.5753,0.3723,0.0524,163883
California,6055,Napa,0.5432,0.3989,0.0579,72122
California,6057,Nevada,0.3722,0.5476,0.0803,64738
California,6059,Orange,0.4036,0.5575,0.0389,1521725
California,6061,Placer,0.3604,0.5928,0.0468,235017
California,6063,Plumas,0.3325,0.6098,0.0577,11256
California,6065,Riverside,0.449,0.5142,0.0368,996156
California,6067,Sacramento,0.4931,0.4533,0.0536,718290
California,6069,San Benito,0.5425,0.4168,0.0407,28821
California,6071,San Bernardino,0.4721,0.4875,0.0404,840931
California,6073,San Diego,0.4566,0.4963,0.0472,1601722
California,6075,San Francisco,0.7554,0.161,0.0835,443458
California,6077,San Joaquin,0.477,0.489,0.034,288443
California,6079,San Luis Obispo,0.4089,0.5222,0.0689,159681
California,6081,San Mateo,0.6429,0.3095,0.0476,374138
California,6083,Santa Barbara,0.4737,0.4613,0.065,200288
California,6085,Santa Clara,0.6066,0.3444,0.0491,850522
California,6087,Santa Cruz,0.6148,0.2734,0.1117,144796
California,6089,Shasta,0.3025,0.6504,0.0472,92900
California,6091,Sierra,0.2924,0.6345,0.0731,1930
California,6093,Siskiyou,0.319,0.6155,0.0655,23450
California,6095,Solano,0.5702,0.3917,0.0381,205831
California,6097,Sonoma,0.5954,0.3225,0.0821,268252
California,6099,Stanislaus,0.4401,0.5238,0.0361,214876
California,6101,Sutter,0.3168,0.6531,0.03,42640
California,6103,Tehama,0.312,0.6363,0.0516,28721
California,6105,Trinity,0.3333,0.5762,0.0906,6258
California,6107,Tulare,0.3675,0.602,0.0305,146832
California,6109,Tuolumne,0.3944,0.5551,0.0504,30401
California,6111,Ventura,0.4714,0.4817,0.0469,422698
California,6113,Yolo,0.5493,0.3753,0.0754,97264
California,6115,Yuba,0.3439,0.61,0.0461,29787
Colorado,8001,Adams,0.5019,0.441,0.0571,236735
Colorado,8003,Alamosa,0.4338,0.5049,0.0613,7808
Colorado,8005,Arapahoe,0.4349,0.5147,0.0503,350183
Colorado,8007,Archuleta,0.301,0.628,0.071,9144
Colorado,8009,Baca,0.2331,0.73,0.0369,2225
Colorado,8011,Bent,0.3989,0.5583,0.0428,2274
Colorado,8013,Boulder,0.5012,0.3644,0.1344,206111
Colorado,8014,Broomfield,,,,46632
Colorado,8015,Chaffee,0.3637,0.565,0.0712,13717
Colorado,8017,Cheyenne,0.1724,0.7896,0.038,1136
Colorado,8019,Clear Creek,0.4444,0.4563,0.0993,6548
Colorado,8021,Conejos,0.4764,0.4827,0.0409,4333
Colorado,8023,Costilla,0.6396,0.3058,0.0546,2094
Colorado,8025,Crowley,0.3536,0.5917,0.0547,1750
Colorado,8027,Custer,0.2402,0.6874,0.0725,3634
Colorado,8029,Delta,0.2573,0.6599,0.0828,19370
Colorado,8031,Denver,0.6186,0.3087,0.0728,393827
Colorado,8033,Dolores,0.2584,0.6534,0.0882,1449
Colorado,8035,Douglas,0.314,0.6495,0.0364,231599
Colorado,8037,Eagle,0.4459,0.4718,0.0824,29140
Colorado,8039,Elbert,0.2595,0.6861,0.0544,18983
Colorado,8041,El Paso,0.3078,0.6391,0.0531,378849
Colorado,8043,Fremont,0.3297,0.6175,0.0529,25557
Colorado,8045,Garfield,0.3559,0.5322,0.1119,30904
Colorado,8047,Gilpin,0.4458,0.4081,0.146,4186
Colorado,8049,Grand,0.3633,0.5619,0.0748,9870
Colorado,8051,Gunnison,0.4227,0.4323,0.145,11190
Colorado,8053,Hinsdale,0.3322,0.5583,0.1095,632
Colorado,8055,Huerfano,0.471,0.4619,0.0671,4406
Colorado,8057,Jackson,0.187,0.7373,0.0757,876
Colorado,8059,Jefferson,0.4288,0.5102,0.0611,377357
Colorado,8061,Kiowa,0.218,0.7521,0.03,903
Colorado,8063,Kit Carson,0.234,0.7351,0.0309,3871
Colorado,8065,Lake,0.4932,0.4018,0.105,3961
Colorado,8067,La Plata,0.3838,0.4877,0.1285,35667
Colorado,8069,Larimer,0.3885,0.5267,0.0848,224338
Colorado,8071,Las Animas,0.5322,0.4216,0.0463,7961
Colorado,8073,Lincoln,0.2319,0.7412,0.0268,2651
Colorado,8075,Logan,0.2836,0.6832,0.0332,10532
Colorado,8077,Mesa,0.3029,0.6345,0.0625,90622
Colorado,8079,Mineral,0.3457,0.6049,0.0494,756
Colorado,8081,Moffat,0.2292,0.7195,0.0513,7026
Colorado,8083,Montezuma,0.2724,0.6562,0.0714,15500
Colorado,8085,Montrose,0.2843,0.6518,0.0639,24922
Colorado,8087,Morgan,0.3206,0.6359,0.0435,13744
Colorado,8089,Otero,0.4052,0.5583,0.0365,9576
Colorado,8091,Ouray,0.3157,0.5728,0.1115,4020
Colorado,8093,Park,0.359,0.5517,0.0893,12290
Colorado,8095,Phillips,0.2541,0.7086,0.0374,2485
Colorado,8097,Pitkin,0.5304,0.3288,0.1408,11957
Colorado,8099,Prowers,0.3008,0.6689,0.0303,5561
Colorado,8101,Pueblo,0.5355,0.4231,0.0414,88299
Colorado,8103,Rio Blanco,0.1902,0.7653,0.0445,3691
Colorado,8105,Rio Grande,0.3364,0.613,0.0506,6305
Colorado,8107,Routt,0.4366,0.464,0.0994,16876
Colorado,8109,Saguache,0.4527,0.4263,0.121,3389
Colorado,8111,San Juan,0.3417,0.4817,0.1766,563
Colorado,8113,San Miguel,0.4909,0.3204,0.1886,5147
Colorado,8115,Sedgwick,0.2947,0.6731,0.0322,1446
Colorado,8117,Summit,0.4792,0.4063,0.1145,18479
Colorado,8119,Teller,0.2793,0.6578,0.063,16939
Colorado,8121,Washington,0.1951,0.7681,0.0368,3008
Colorado,8123,Weld,0.3631,0.5796,0.0573,166968
Colorado,8125,Yuma,0.2483,0.7242,0.0275,4981
Connecticut,9001,Fairfield,0.5233,0.4312,0.0455,472990
Connecticut,9003,Hartford,0.6017,0.3468,0.0515,449336
Connecticut,9005,Litchfield,0.4787,0.4485,0.0728,107544
Connecticut,9007,Middlesex,0.5594,0.3783,0.0622,99203
Connecticut,9009,New Haven,0.5803,0.3604,0.0594,417980
Connecticut,9011,New London,0.5538,0.3772,0.069,139604
Connecticut,9013,Tolland,0.5352,0.394,0.0708,80546
Connecticut,9015,Windham,0.5464,0.38,0.0735,57077
Delaware,10001,Kent,0.4723,0.499,0.0287,87025
Delaware,10003,New Castle,0.5986,0.3688,0.0325,287633
Delaware,10005,Sussex,0.4486,0.5223,0.0291,129352
Florida,12001,Alachua,0.5525,0.398,0.0495,142604
Florida,12003,Baker,0.2933,0.688,0.0186,14059
Florida,12005,Bay,0.3206,0.657,0.0224,93024
Florida,12007,Bradford,0.3545,0.6243,0.0212,13632
Florida,12009,Brevard,0.4455,0.5275,0.027,360764
Florida,12011,Broward,0.6741,0.3093,0.0166,957672
Florida,12013,Calhoun,0.4166,0.5552,0.0282,6526
Florida,12015,Charlotte,0.4431,0.5296,0.0273,116340
Florida,12017,Citrus,0.446,0.5206,0.0335,93208
Florida,12019,Clay,0.2548,0.728,0.0172,124405
Florida,12021,Collier,0.3247,0.6558,0.0195,207818
Florida,12023,Columbia,0.3807,0.5924,0.0268,33042
Florida,12027,DeSoto,0.4251,0.5448,0.0301,12659
Florida,12029,Dixie,0.3915,0.5779,0.0306,8167
Florida,12031,Duval,0.4074,0.5749,0.0177,492820
Florida,12033,Escambia,0.3508,0.6262,0.0231,170372
Florida,12035,Flagler,0.5125,0.4653,0.0222,71716
Florida,12037,Franklin,0.4407,0.5283,0.031,6849
Florida,12039,Gadsden,0.6609,0.3238,0.0153,23762
Florida,12041,Gilchrist,0.354,0.6117,0.0343,9685
Florida,12043,Glades,0.4285,0.5471,0.0244,5193
Florida,12045,Gulf,0.39,0.5779,0.032,8163
Florida,12047,Hamilton,0.4344,0.5414,0.0242,5830
Florida,12049,Hardee,0.3756,0.6038,0.0207,8485
Florida,12051,Hendry,0.3981,0.5832,0.0187,12940
Florida,12053,Hernando,0.5005,0.47,0.0296,108922
Florida,12055,Highlands,0.4031,0.5748,0.0221,52170
Florida,12057,Hillsborough,0.4706,0.5017,0.0277,712063
Florida,12059,Holmes,0.2943,0.6777,0.028,9068
Florida,12061,Indian River,0.3984,0.5771,0.0246,97484
Florida,12063,Jackson,0.4214,0.5606,0.018,22419
Florida,12065,Jefferson,0.5389,0.4391,0.022,8451
Florida,12067,Lafayette,0.315,0.6667,0.0184,3658
Florida,12069,Lake,0.4127,0.5644,0.0229,211314
Florida,12071,Lee,0.399,0.5757,0.0254,393899
Florida,12073,Leon,0.5957,0.3788,0.0256,162929
Florida,12075,Levy,0.424,0.5391,0.0368,23145
Florida,12077,Liberty,0.422,0.5465,0.0315,3561
Florida,12079,Madison,0.4892,0.4929,0.0178,9380
Florida,12081,Manatee,0.4461,0.5258,0.028,216958
Florida,12083,Marion,0.4339,0.5355,0.0306,204376
Florida,12085,Martin,0.4293,0.5478,0.0229,98726
Florida,12086,Miami-Dade,0.5257,0.4629,0.0114,1156816
Florida,12087,Monroe,0.4864,0.4739,0.0397,48029
Florida,12089,Nassau,0.2924,0.6898,0.0178,58811
Florida,12091,Okaloosa,0.2399,0.7369,0.0232,116373
Florida,12093,Okeechobee,0.4657,0.5132,0.0211,15954
Florida,12095,Orange,0.5006,0.4802,0.0192,647403
Florida,12097,Osceola,0.5061,0.4711,0.0227,172436
Florida,12099,Palm Beach,0.6227,0.3531,0.0242,773158
Florida,12101,Pasco,0.4873,0.4805,0.0321,301970
Florida,12103,Pinellas,0.5035,0.4638,0.0327,559715
Florida,12105,Polk,0.446,0.5356,0.0185,343256
Florida,12107,Putnam,0.4614,0.5129,0.0257,36373
Florida,12109,St. Johns,0.321,0.651,0.0279,176622
Florida,12111,St. Lucie,0.5329,0.445,0.0221,172169
Florida,12113,Santa Rosa,0.2543,0.721,0.0247,106928
Florida,12115,Sarasota,0.4527,0.5163,0.031,270575
Florida,12117,Seminole,0.4298,0.55,0.0202,260815
Florida,12119,Sumter,0.4329,0.5448,0.0223,92485
Florida,12121,Suwannee,0.3271,0.6427,0.0302,21057
Florida,12123,Taylor,0.389,0.5959,0.0151,10127
Florida,12125,Union,0.3677,0.6095,0.0227,6245
Florida,12127,Volusia,0.5298,0.4484,0.0217,307439
Florida,12129,Wakulla,0.447,0.5254,0.0276,18404
Florida,12131,Walton,0.308,0.6651,0.027,43711
Florida,12133,Washington,0.3486,0.6224,0.029,12327
Georgia,13001,Appling,0.3432,0.646,0.0108,8390
Georgia,13003,Atkinson,0.3964,0.593,0.0106,3155
Georgia,13005,Bacon,0.3192,0.6711,0.0097,4667
Georgia,13007,Baker,0.5879,0.4049,0.0072,1555
Georgia,13009,Baldwin,0.486,0.4982,0.0158,18251
Georgia,13011,Banks,0.2691,0.7064,0.0245,8801
Georgia,13013,Barrow,0.3022,0.6549,0.043,37921
Georgia,13015,Bartow,0.3296,0.6462,0.0243,50464
Georgia,13017,Ben Hill,0.4793,0.5108,0.0099,6564
Georgia,13019,Berrien,0.3719,0.6163,0.0118,7743
Georgia,13021,Bibb,0.5022,0.4836,0.0142,70714
Georgia,13023,Bleckley,0.3396,0.6498,0.0107,5708
Georgia,13025,Brantley,0.3005,0.6829,0.0166,7749
Georgia,13027,Brooks,0.4606,0.5287,0.0108,7101
Georgia,13029,Bryan,0.3077,0.6849,0.0074,21335
Georgia,13031,Bulloch,0.3762,0.6082,0.0156,30090
Georgia,13033,Burke,0.5214,0.4739,0.0048,10683
Georgia,13035,Butts,0.4048,0.5675,0.0277,11771
Georgia,13037,Calhoun,0.5866,0.407,0.0064,2198
Georgia,13039,Camden,0.3593,0.6296,0.0111,23686
Georgia,13043,Candler,0.3868,0.6036,0.0096,4431
Georgia,13045,Carroll,0.34,0.6342,0.0258,54472
Georgia,13047,Catoosa,0.3087,0.679,0.0123,32593
Georgia,13049,Charlton,0.3604,0.6286,0.011,4568
Georgia,13051,Chatham,0.4915,0.4949,0.0136,133408
Georgia,13053,Chattahoochee,0.4971,0.4888,0.0141,1582
Georgia,13055,Chattooga,0.4213,0.562,0.0167,10050
Georgia,13057,Cherokee,0.2349,0.7265,0.0386,144815
Georgia,13059,Clarke,0.5247,0.41,0.0653,51346
Georgia,13061,Clay,0.6429,0.3508,0.0063,1435
Georgia,13063,Clayton,0.6521,0.3252,0.0227,112330
Georgia,13065,Clinch,0.423,0.5656,0.0114,2861
Georgia,13067,Cobb,0.3688,0.5978,0.0334,393728
Georgia,13069,Coffee,0.381,0.6104,0.0086,15214
Georgia,13071,Colquitt,0.3306,0.6608,0.0086,16086
Georgia,13073,Columbia,0.2491,0.7404,0.0105,80575
Georgia,13075,Cook,0.4156,0.5778,0.0066,7035
Georgia,13077,Coweta,0.29,0.683,0.027,76799
Georgia,13079,Crawford,0.4242,0.5571,0.0188,6102
Georgia,13081,Crisp,0.4044,0.5857,0.01,8033
Georgia,13083,Dade,0.3224,0.6601,0.0174,7434
Georgia,13085,Dawson,0.2472,0.7138,0.039,16081
Georgia,13087,Decatur,0.4443,0.5475,0.0082,11625
Georgia,13089,DeKalb,0.7024,0.2673,0.0303,370746
Georgia,13091,Dodge,0.3958,0.5908,0.0134,8071
Georgia,13093,Dooly,0.5401,0.4511,0.0088,4105
Georgia,13095,Dougherty,0.5729,0.4214,0.0057,35287
Georgia,13097,Douglas,0.3605,0.6102,0.0294,69106
Georgia,13099,Early,0.4524,0.5406,0.007,5188
Georgia,13101,Echols,0.3029,0.6837,0.0134,1441
Georgia,13103,Effingham,0.3035,0.6879,0.0086,31571
Georgia,13105,Elbert,0.4317,0.5573,0.0109,9171
Georgia,13107,Emanuel,0.4527,0.5338,0.0136,9505
Georgia,13109,Evans,0.3951,0.5977,0.0071,4247
Georgia,13111,Fannin,0.3261,0.6511,0.0228,14849
Georgia,13113,Fayette,0.2806,0.6911,0.0282,71994
Georgia,13115,Floyd,0.3833,0.6037,0.013,41341
Georgia,13117,Forsyth,0.1872,0.7766,0.0361,129311
Georgia,13119,Franklin,0.354,0.635,0.0109,10765
Georgia,13121,Fulton,0.5776,0.3984,0.0239,523779
Georgia,13123,Gilmer,0.3026,0.6704,0.027,16525
Georgia,13125,Glascock,0.2441,0.748,0.0078,1565
Georgia,13127,Glynn,0.3475,0.6409,0.0116,41988
Georgia,13129,Gordon,0.3304,0.6509,0.0188,24033
Georgia,13131,Grady,0.4059,0.5809,0.0131,10707
Georgia,13133,Greene,0.4112,0.5734,0.0154,11244
Georgia,13135,Gwinnett,0.3215,0.6371,0.0414,414023
Georgia,13137,Habersham,0.2611,0.7186,0.0203,20431
Georgia,13139,Hall,0.2689,0.7036,0.0275,90537
Georgia,13141,Hancock,0.7822,0.2145,0.0032,4153
Georgia,13143,Haralson,0.3513,0.631,0.0178,14246
Georgia,13145,Harris,0.3401,0.6487,0.0112,19991
Georgia,13147,Hart,0.4236,0.5629,0.0135,12728
Georgia,13149,Heard,0.3684,0.6088,0.0228,5394
Georgia,13151,Henry,0.308,0.6642,0.0278,122998
Georgia,13153,Houston,0.3596,0.6265,0.0139,74838
Georgia,13155,Irwin,0.3874,0.6031,0.0095,4168
Georgia,13157,Jackson,0.2939,0.6771,0.029,37675
Georgia,13159,Jasper,0.3951,0.5828,0.0221,7644
Georgia,13161,Jeff Davis,0.3267,0.6626,0.0107,5771
Georgia,13163,Jefferson,0.5341,0.4598,0.0061,7639
Georgia,13165,Jenkins,0.4821,0.5079,0.01,3455
Georgia,13167,Johnson,0.3694,0.6233,0.0073,4100
Georgia,13169,Jones,0.3845,0.6011,0.0144,14934
Georgia,13171,Lamar,0.4195,0.5568,0.0237,9045
Georgia,13173,Lanier,0.437,0.5504,0.0126,3576
Georgia,13175,Laurens,0.4078,0.5794,0.0128,22731
Georgia,13177,Lee,0.2456,0.7448,0.0096,16714
Georgia,13179,Liberty,0.5362,0.4468,0.017,21394
Georgia,13181,Lincoln,0.4109,0.5823,0.0068,4641
Georgia,13183,Long,0.4213,0.5704,0.0082,5657
Georgia,13185,Lowndes,0.4174,0.5687,0.0139,46355
Georgia,13187,Lumpkin,0.3142,0.6559,0.0299,15531
Georgia,13189,McDuffie,0.3939,0.5994,0.0067,10455
Georgia,13191,McIntosh,0.5335,0.4603,0.0063,6696
Georgia,13193,Macon,0.6331,0.3596,0.0073,4663
Georgia,13195,Madison,0.2859,0.6917,0.0224,14937
Georgia,13197,Marion,0.4496,0.5435,0.0069,3625
Georgia,13199,Meriwether,0.5129,0.4713,0.0158,10877
Georgia,13201,Miller,0.3642,0.6274,0.0084,2834
Georgia,13205,Mitchell,0.5123,0.4811,0.0066,8962
Georgia,13207,Monroe,0.3765,0.6048,0.0187,15590
Georgia,13209,Montgomery,0.4037,0.5839,0.0124,3967
Georgia,13211,Morgan,0.3792,0.5971,0.0237,11706
Georgia,13213,Murray,0.3206,0.6616,0.0178,15389
Georgia,13215,Muscogee,0.5405,0.4501,0.0094,80514
Georgia,13217,Newton,0.3648,0.6056,0.0297,54234
Georgia,13219,Oconee,0.2851,0.6815,0.0334,25168
Georgia,13221,Oglethorpe,0.3464,0.6171,0.0365,8133
Georgia,13223,Paulding,0.2779,0.6958,0.0262,85372
Georgia,13225,Peach,0.496,0.4939,0.0101,12553
Georgia,13227,Pickens,0.3035,0.6692,0.0273,17167
Georgia,13229,Pierce,0.2777,0.7152,0.007,9047
Georgia,13231,Pike,0.2893,0.6874,0.0233,10720
Georgia,13233,Polk,0.4065,0.5774,0.0161,17396
Georgia,13235,Pulaski,0.4154,0.5744,0.0102,4081
Georgia,13237,Putnam,0.4147,0.5709,0.0144,11855
Georgia,13239,Quitman,0.5996,0.385,0.0155,1106
Georgia,13241,Rabun,0.3325,0.6461,0.0213,9568
Georgia,13243,Randolph,0.5376,0.457,0.0054,3073
Georgia,13245,Richmond,0.546,0.4429,0.0111,87009
Georgia,13247,Rockdale,0.3365,0.6264,0.0371,44681
Georgia,13249,Schley,0.3912,0.6003,0.0085,2275
Georgia,13251,Screven,0.4732,0.5215,0.0053,6627
Georgia,13253,Seminole,0.4564,0.5342,0.0094,3888
Georgia,13255,Spalding,0.3789,0.6024,0.0188,30211
Georgia,13257,Stephens,0.3425,0.6411,0.0164,11885
Georgia,13259,Stewart,0.6484,0.3454,0.0061,1990
Georgia,13261,Sumter,0.4896,0.4998,0.0105,12148
Georgia,13263,Talbot,0.6567,0.3335,0.0099,3522
Georgia,13265,Taliaferro,0.6683,0.3257,0.006,928
Georgia,13267,Tattnall,0.3499,0.6412,0.0089,8185
Georgia,13269,Taylor,0.482,0.5079,0.0101,3842
Georgia,13271,Telfair,0.5087,0.4847,0.0066,4334
Georgia,13273,Terrell,0.5088,0.4831,0.008,4416
Georgia,13275,Thomas,0.4032,0.5882,0.0085,21872
Georgia,13277,Tift,0.3434,0.6466,0.01,16279
Georgia,13279,Toombs,0.3666,0.6223,0.0111,10914
Georgia,13281,Towns,0.3324,0.6453,0.0222,7979
Georgia,13283,Treutlen,0.4478,0.541,0.0112,3077
Georgia,13285,Troup,0.3583,0.629,0.0127,30047
Georgia,13287,Turner,0.476,0.5122,0.0118,3791
Georgia,13289,Twiggs,0.5469,0.4343,0.0188,4444
Georgia,13291,Union,0.3206,0.6566,0.0229,15558
Georgia,13293,Upson,0.3813,0.606,0.0127,12905
Georgia,13295,Walker,0.3356,0.6523,0.0121,29354
Georgia,13297,Walton,0.2874,0.6795,0.0332,51093
Georgia,13299,Ware,0.3614,0.6335,0.0051,14189
Georgia,13301,Warren,0.5576,0.435,0.0075,2650
Georgia,13303,Washington,0.5195,0.4726,0.0079,9477
Georgia,13305,Wayne,0.3418,0.652,0.0061,12779
Georgia,13307,Webster,0.5952,0.3949,0.0099,1391
Georgia,13309,Wheeler,0.4775,0.5162,0.0063,2285
Georgia,13311,White,0.286,0.6896,0.0244,14816
Georgia,13313,Whitfield,0.3019,0.6803,0.0179,36766
Georgia,13315,Wilcox,0.4068,0.5839,0.0093,3279
Georgia,13317,Wilkes,0.4819,0.5077,0.0104,5030
Georgia,13319,Wilkinson,0.5037,0.4813,0.015,4770
Georgia,13321,Worth,0.3653,0.6256,0.0091,9285
Idaho,16001,Ada,0.3292,0.6078,0.063,259389
Idaho,16003,Adams,0.176,0.7732,0.0508,2586
Idaho,16005,Bannock,0.353,0.5907,0.0563,39553
Idaho,16007,Bear Lake,0.1783,0.792,0.0297,3315
Idaho,16009,Benewah,0.2427,0.7068,0.0504,4973
Idaho,16011,Bingham,0.2288,0.7347,0.0364,20094
Idaho,16013,Blaine,0.4722,0.4444,0.0834,13288
Idaho,16015,Boise,0.2439,0.6609,0.0953,4820
Idaho,16017,Bonner,0.297,0.6153,0.0876,27352
Idaho,16019,Bonneville,0.2156,0.7447,0.0397,53995
Idaho,16021,Boundary,0.2142,0.7201,0.0657,6313
Idaho,16023,Butte,0.2425,0.7219,0.0356,1415
Idaho,16025,Camas,0.2229,0.7081,0.069,754
Idaho,16027,Canyon,0.2462,0.7107,0.0431,90438
Idaho,16029,Caribou,0.1495,0.8187,0.0318,3416
Idaho,16031,Cassia,0.1493,0.822,0.0287,9629
Idaho,16033,Clark,0.1649,0.8141,0.0209,311
Idaho,16035,Clearwater,0.2159,0.7405,0.0436,4419
Idaho,16037,Custer,0.1785,0.77,0.0515,2739
Idaho,16039,Elmore,0.2641,0.7021,0.0337,10205
Idaho,16041,Franklin,0.1209,0.847,0.0321,6664
Idaho,16043,Fremont,0.1374,0.8337,0.0289,6719
Idaho,16045,Gem,0.225,0.7314,0.0436,9958
Idaho,16047,Gooding,0.2551,0.6968,0.0481,6050
Idaho,16049,Idaho,0.1593,0.7791,0.0616,9602
Idaho,16051,Jefferson,0.1404,0.827,0.0327,14173
Idaho,16053,Jerome,0.2264,0.7355,0.0381,7812
Idaho,16055,Kootenai,0.3079,0.6428,0.0493,89878
Idaho,16057,Latah,0.3697,0.533,0.0973,20570
Idaho,16059,Lemhi,0.1813,0.7852,0.0335,4738
Idaho,16061,Lewis,0.1985,0.7672,0.0344,1870
Idaho,16063,Lincoln,0.2776,0.6665,0.0559,1940
Idaho,16065,Madison,0.091,0.8853,0.0237,17112
Idaho,16067,Minidoka,0.2062,0.7528,0.041,7993
Idaho,16069,Nez Perce,0.3118,0.6602,0.028,20967
Idaho,16071,Oneida,0.1707,0.7931,0.0362,2451
Idaho,16073,Owyhee,0.1954,0.7685,0.0361,4742
Idaho,16075,Payette,0.2396,0.7234,0.037,11293
Idaho,16077,Power,0.2787,0.691,0.0303,3086
Idaho,16079,Shoshone,0.4132,0.5346,0.0522,6049
Idaho,16081,Teton,0.2696,0.6533,0.0771,6347
Idaho,16083,Twin Falls,0.2564,0.701,0.0426,36680
Idaho,16085,Valley,0.2838,0.6405,0.0757,7063
Idaho,16087,Washington,0.2408,0.7123,0.0469,5344
Illinois,17001,Adams,0.4051,0.5756,0.0193,33527
Illinois,17003,Alexander,0.586,0.3948,0.0191,2625
Illinois,17005,Bond,0.4352,0.541,0.0239,8144
Illinois,17007,Boone,0.4175,0.5551,0.0274,24979
Illinois,17009,Brown,0.4049,0.5748,0.0203,2525
Illinois,17011,Bureau,0.4609,0.5068,0.0323,17434
Illinois,17013,Calhoun,0.5035,0.4723,0.0242,2773
Illinois,17015,Carroll,0.4337,0.5343,0.0319,8024
Illinois,17017,Cass,0.4728,0.5031,0.0241,5326
Illinois,17019,Champaign,0.4781,0.4664,0.0555,95568
Illinois,17021,Christian,0.4603,0.5103,0.0294,16204
Illinois,17023,Clark,0.3903,0.5855,0.0242,8355
Illinois,17025,Clay,0.3606,0.6176,0.0218,6899
Illinois,17027,Clinton,0.4172,0.5567,0.0261,19214
Illinois,17029,Coles,0.4431,0.5223,0.0345,22606
Illinois,17031,Cook,0.6863,0.2865,0.0272,2321399
Illinois,17033,Crawford,0.3921,0.5852,0.0227,9441
Illinois,17035,Cumberland,0.3759,0.5958,0.0283,5850
Illinois,17037,DeKalb,0.4453,0.5157,0.039,47989
Illinois,17039,De Witt,0.407,0.5628,0.0302,8024
Illinois,17041,Douglas,0.3944,0.5807,0.0249,8760
Illinois,17043,DuPage,0.4187,0.5518,0.0296,485064
Illinois,17045,Edgar,0.3907,0.5871,0.0222,8196
Illinois,17047,Edwards,0.3,0.6785,0.0215,3368
Illinois,17049,Effingham,0.2917,0.6804,0.028,19083
Illinois,17051,Fayette,0.4161,0.5569,0.027,10076
Illinois,17053,Ford,0.3397,0.632,0.0283,6967
Illinois,17055,Franklin,0.531,0.4419,0.0271,18669
Illinois,17057,Fulton,0.5492,0.4261,0.0246,16724
Illinois,17059,Gallatin,0.5278,0.4472,0.025,2675
Illinois,17061,Greene,0.4318,0.5426,0.0257,6227
Illinois,17063,Grundy,0.4532,0.5251,0.0216,26753
Illinois,17065,Hamilton,0.4236,0.5492,0.0273,4323
Illinois,17067,Hancock,0.4392,0.5298,0.0311,9383
Illinois,17069,Hardin,0.449,0.518,0.033,2162
Illinois,17071,Henderson,0.5251,0.4418,0.0331,3656
Illinois,17073,Henry,0.5079,0.4643,0.0278,25700
Illinois,17075,Iroquois,0.3275,0.647,0.0255,14044
Illinois,17077,Jackson,0.5099,0.4254,0.0647,22716
Illinois,17079,Jasper,0.3615,0.6212,0.0173,5586
Illinois,17081,Jefferson,0.4352,0.5444,0.0204,17436
Illinois,17083,Jersey,0.4627,0.4992,0.0381,11960
Illinois,17085,Jo Daviess,0.4442,0.5139,0.0419,12495
Illinois,17087,Johnson,0.3596,0.6126,0.0278,6450
Illinois,17089,Kane,0.4252,0.5445,0.0303,231876
Illinois,17091,Kankakee,0.4773,0.4989,0.0237,50039
Illinois,17093,Kendall,0.3709,0.6012,0.028,64205
Illinois,17095,Knox,0.5425,0.4277,0.0298,23205
Illinois,17097,Lake,0.4751,0.4996,0.0253,334156
Illinois,17099,LaSalle,0.5076,0.4625,0.0299,53683
Illinois,17101,Lawrence,0.429,0.5464,0.0246,6422
Illinois,17103,Lee,0.418,0.5519,0.0301,16440
Illinois,17105,Livingston,0.378,0.5957,0.0263,17174
Illinois,17107,Logan,0.3521,0.6231,0.0248,13294
Illinois,17109,McDonough,0.4673,0.4968,0.0359,12285
Illinois,17111,McHenry,0.3833,0.5849,0.0318,164578
Illinois,17113,McLean,0.4095,0.5584,0.0321,87389
Illinois,17115,Macon,0.4902,0.4814,0.0284,49387
Illinois,17117,Macoupin,0.515,0.4558,0.0292,24070
Illinois,17119,Madison,0.5317,0.4394,0.0289,137558
Illinois,17121,Marion,0.4842,0.4945,0.0213,17492
Illinois,17123,Marshall,0.4351,0.5324,0.0325,6345
Illinois,17125,Mason,0.4714,0.5037,0.025,6766
Illinois,17127,Massac,0.4318,0.5451,0.0231,6818
Illinois,17129,Menard,0.3489,0.6227,0.0284,6954
Illinois,17131,Mercer,0.529,0.4434,0.0277,8914
Illinois,17133,Monroe,0.4202,0.5532,0.0266,21206
Illinois,17135,Montgomery,0.4997,0.4755,0.0248,13761
Illinois,17137,Morgan,0.4115,0.5622,0.0263,15333
Illinois,17139,Moultrie,0.4417,0.5341,0.0241,6744
Illinois,17141,Ogle,0.3725,0.5983,0.0293,26340
Illinois,17143,Peoria,0.5026,0.4739,0.0236,83973
Illinois,17145,Perry,0.489,0.483,0.028,10071
Illinois,17147,Piatt,0.416,0.5509,0.0332,9851
Illinois,17149,Pike,0.3942,0.5801,0.0256,7965
Illinois,17151,Pope,0.3979,0.5777,0.0245,2175
Illinois,17153,Pulaski,0.5033,0.4741,0.0225,2631
Illinois,17155,Putnam,0.5212,0.452,0.0267,3390
Illinois,17157,Randolph,0.4755,0.4988,0.0256,14910
Illinois,17159,Richland,0.3354,0.6352,0.0295,8063
Illinois,17161,Rock Island,0.5831,0.387,0.0299,66817
Illinois,17163,St. Clair,0.5574,0.4213,0.0212,128104
Illinois,17165,Saline,0.4658,0.5093,0.0249,11089
Illinois,17167,Sangamon,0.4199,0.5506,0.0295,104751
Illinois,17169,Schuyler,0.4207,0.5506,0.0286,3918
Illinois,17171,Scott,0.3864,0.5905,0.0231,2741
Illinois,17173,Shelby,0.3954,0.5757,0.0289,12097
Illinois,17175,Stark,0.4052,0.5667,0.0281,2886
Illinois,17177,Stephenson,0.416,0.5529,0.031,22048
Illinois,17179,Tazewell,0.435,0.5405,0.0245,69051
Illinois,17181,Union,0.4598,0.5077,0.0324,8904
Illinois,17183,Vermilion,0.4799,0.4917,0.0284,31642
Illinois,17185,Wabash,0.3607,0.6184,0.0209,5607
Illinois,17187,Warren,0.4618,0.5109,0.0273,7924
Illinois,17189,Washington,0.3696,0.6098,0.0206,7921
Illinois,17191,Wayne,0.2871,0.695,0.0178,8499
Illinois,17193,White,0.3873,0.592,0.0207,7431
Illinois,17195,Whiteside,0.5188,0.453,0.0281,27375
Illinois,17197,Will,0.4743,0.5,0.0258,346266
Illinois,17199,Williamson,0.4526,0.5201,0.0273,33729
Illinois,17201,Winnebago,0.4756,0.4924,0.032,127710
Illinois,17203,Woodford,0.3292,0.6494,0.0214,21498
Indiana,18001,Adams,0.2998,0.6795,0.0207,14209
Indiana,18003,Allen,0.3642,0.616,0.0198,169082
Indiana,18005,Bartholomew,0.3498,0.6287,0.0215,36235
Indiana,18007,Benton,0.3428,0.6301,0.0271,4114
Indiana,18009,Blackford,0.4298,0.5516,0.0186,5350
Indiana,18011,Boone,0.2589,0.7154,0.0257,38520
Indiana,18013,Brown,0.3826,0.5678,0.0496,8981
Indiana,18015,Carroll,0.3586,0.6171,0.0243,9495
Indiana,18017,Cass,0.3583,0.616,0.0258,15198
Indiana,18019,Clark,0.465,0.5201,0.015,57869
Indiana,18021,Clay,0.3549,0.6294,0.0158,12267
Indiana,18023,Clinton,0.3315,0.6497,0.0188,12949
Indiana,18025,Crawford,0.4317,0.5529,0.0154,4944
Indiana,18027,Daviess,0.2763,0.704,0.0197,11954
Indiana,18029,Dearborn,0.3411,0.6488,0.0101,25383
Indiana,18031,Decatur,0.315,0.6668,0.0182,12287
Indiana,18033,DeKalb,0.3465,0.6312,0.0223,19628
Indiana,18035,Delaware,0.4729,0.5007,0.0264,48191
Indiana,18037,Dubois,0.3283,0.6536,0.0181,21770
Indiana,18039,Elkhart,0.3011,0.6746,0.0243,74387
Indiana,18041,Fayette,0.3949,0.5852,0.0199,10136
Indiana,18043,Floyd,0.4399,0.549,0.0112,41802
Indiana,18045,Fountain,0.3732,0.6054,0.0214,7986
Indiana,18047,Franklin,0.3107,0.67,0.0193,12000
Indiana,18049,Fulton,0.3555,0.6266,0.0179,9147
Indiana,18051,Gibson,0.4213,0.5616,0.0171,16161
Indiana,18053,Grant,0.3681,0.6122,0.0197,27159
Indiana,18055,Greene,0.3881,0.5905,0.0213,14784
Indiana,18057,Hamilton,0.2371,0.7425,0.0204,193999
Indiana,18059,Hancock,0.2834,0.6947,0.022,42911
Indiana,18061,Harrison,0.3941,0.5848,0.0211,20236
Indiana,18063,Hendricks,0.2682,0.7123,0.0195,88505
Indiana,18065,Henry,0.4175,0.5635,0.0189,21030
Indiana,18067,Howard,0.3783,0.5963,0.0254,40630
Indiana,18069,Huntington,0.2817,0.6917,0.0265,17829
Indiana,18071,Jackson,0.365,0.6201,0.0149,19238
Indiana,18073,Jasper,0.3353,0.6458,0.0189,15475
Indiana,18075,Jay,0.3944,0.5837,0.0219,8461
Indiana,18077,Jefferson,0.4289,0.5517,0.0194,14697
Indiana,18079,Jennings,0.3738,0.6037,0.0224,12251
Indiana,18081,Johnson,0.2827,0.6954,0.0219,77618
Indiana,18083,Knox,0.4185,0.5636,0.0179,16011
Indiana,18085,Kosciusko,0.2288,0.753,0.0182,35787
Indiana,18087,LaGrange,0.328,0.6525,0.0196,10633
Indiana,18089,Lake,0.6198,0.3602,0.02,219956
Indiana,18091,LaPorte,0.4965,0.4779,0.0256,49392
Indiana,18093,Lawrence,0.3141,0.6614,0.0244,21025
Indiana,18095,Madison,0.4482,0.5354,0.0164,51793
Indiana,18097,Marion,0.4794,0.4923,0.0282,389619
Indiana,18099,Marshall,0.3431,0.6357,0.0212,19927
Indiana,18101,Martin,0.3294,0.6526,0.018,5144
Indiana,18103,Miami,0.3214,0.6498,0.0288,14473
Indiana,18105,Monroe,0.4357,0.4761,0.0883,63151
Indiana,18107,Montgomery,0.2976,0.6787,0.0237,17198
Indiana,18109,Morgan,0.2826,0.6937,0.0237,36159
Indiana,18111,Newton,0.3813,0.5898,0.0289,6591
Indiana,18113,Noble,0.3392,0.6403,0.0205,19190
Indiana,18115,Ohio,0.3816,0.6079,0.0104,3164
Indiana,18117,Orange,0.3488,0.6285,0.0228,8832
Indiana,18119,Owen,0.3465,0.618,0.0355,9904
Indiana,18121,Parke,0.3848,0.5958,0.0194,7011
Indiana,18123,Perry,0.5175,0.4685,0.0139,8722
Indiana,18125,Pike,0.4134,0.5659,0.0208,6220
Indiana,18127,Porter,0.4512,0.5247,0.0241,86509
Indiana,18129,Posey,0.3987,0.5849,0.0164,13236
Indiana,18131,Pulaski,0.3478,0.6337,0.0185,5806
Indiana,18133,Putnam,0.3473,0.6193,0.0334,16597
Indiana,18135,Randolph,0.3855,0.5942,0.0203,11070
Indiana,18137,Ripley,0.3277,0.6546,0.0177,14271
Indiana,18139,Rush,0.3254,0.652,0.0227,7932
Indiana,18141,St. Joseph,0.4894,0.4881,0.0225,115238
Indiana,18143,Scott,0.499,0.4794,0.0217,10161
Indiana,18145,Shelby,0.351,0.6264,0.0226,19991
Indiana,18147,Spencer,0.4175,0.567,0.0155,10769
Indiana,18149,Starke,0.4753,0.4998,0.0248,10290
Indiana,18151,Steuben,0.3638,0.6166,0.0196,16162
Indiana,18153,Sullivan,0.4639,0.5228,0.0133,8994
Indiana,18155,Switzerland,0.4125,0.5653,0.0222,4154
Indiana,18157,Tippecanoe,0.3936,0.5639,0.0425,71448
Indiana,18159,Tipton,0.327,0.6539,0.0191,8116
Indiana,18161,Union,0.3278,0.6499,0.0223,3483
Indiana,18163,Vanderburgh,0.4413,0.5413,0.0174,77662
Indiana,18165,Vermillion,0.5081,0.4719,0.0201,7481
Indiana,18167,Vigo,0.485,0.4974,0.0176,43594
Indiana,18169,Wabash,0.332,0.6459,0.0221,14573
Indiana,18171,Warren,0.3904,0.5886,0.021,4472
Indiana,18173,Warrick,0.3922,0.5919,0.0159,33829
Indiana,18175,Washington,0.375,0.5987,0.0263,12139
Indiana,18177,Wayne,0.4085,0.5675,0.0241,27679
Indiana,18179,Wells,0.2942,0.6874,0.0183,14050
Indiana,18181,White,0.369,0.6096,0.0214,11166
Indiana,18183,Whitley,0.3304,0.6499,0.0197,17556
Iowa,19001,Adair,0.4252,0.5518,0.023,4177
Iowa,19003,Adams,0.4182,0.5455,0.0364,2160
Iowa,19005,Allamakee,0.4461,0.5071,0.0467,7422
Iowa,19007,Appanoose,0.4488,0.5245,0.0266,6516
Iowa,19009,Audubon,0.4704,0.5045,0.0251,3420
Iowa,19011,Benton,0.5027,0.4647,0.0326,14642
Iowa,19013,Black Hawk,0.5466,0.426,0.0273,66593
Iowa,19015,Boone,0.5119,0.4592,0.0289,15340
Iowa,19017,Bremer,0.4626,0.5078,0.0296,14546
Iowa,19019,Buchanan,0.5361,0.4349,0.029,10774
Iowa,19021,Buena Vista,0.4133,0.5458,0.0409,8167
Iowa,19023,Butler,0.4068,0.5706,0.0226,8098
Iowa,19025,Calhoun,0.4229,0.5507,0.0264,5258
Iowa,19027,Carroll,0.4665,0.5099,0.0236,11335
Iowa,19029,Cass,0.3606,0.6113,0.0281,7276
Iowa,19031,Cedar,0.4833,0.4831,0.0336,10703
Iowa,19033,Cerro Gordo,0.5498,0.424,0.0262,23801
Iowa,19035,Cherokee,0.4316,0.5253,0.0431,6518
Iowa,19037,Chickasaw,0.5217,0.4459,0.0324,6631
Iowa,19039,Clarke,0.4983,0.4751,0.0266,4670
Iowa,19041,Clay,0.4347,0.5268,0.0385,8969
Iowa,19043,Clayton,0.4945,0.4707,0.0349,9594
Iowa,19045,Clinton,0.5535,0.4161,0.0304,24687
Iowa,19047,Crawford,0.433,0.5312,0.0359,7154
Iowa,19049,Dallas,0.4429,0.5332,0.024,56022
Iowa,19051,Davis,0.45,0.5205,0.0295,4102
Iowa,19053,Decatur,0.4513,0.5131,0.0356,3804
Iowa,19055,Delaware,0.4561,0.5118,0.0321,10003
Iowa,19057,Des Moines,0.5862,0.3814,0.0325,19956
Iowa,19059,Dickinson,0.4507,0.5203,0.0291,11244
Iowa,19061,Dubuque,0.5541,0.4083,0.0377,53926
Iowa,19063,Emmet,0.4676,0.5035,0.0289,4853
Iowa,19065,Fayette,0.4823,0.4934,0.0243,10186
Iowa,19067,Floyd,0.5292,0.4409,0.03,8032
Iowa,19069,Franklin,0.4297,0.5381,0.0322,5130
Iowa,19071,Fremont,0.4035,0.5722,0.0243,3857
Iowa,19073,Greene,0.4876,0.4836,0.0288,5057
Iowa,19075,Grundy,0.35,0.6302,0.0198,7276
Iowa,19077,Guthrie,0.4558,0.5193,0.0249,6371
Iowa,19079,Hamilton,0.4498,0.5239,0.0263,7943
Iowa,19081,Hancock,0.4195,0.5495,0.0311,6172
Iowa,19083,Hardin,0.4427,0.5318,0.0255,8989
Iowa,19085,Harrison,0.3899,0.5811,0.029,8155
Iowa,19087,Henry,0.4506,0.5162,0.0332,9982
Iowa,19089,Howard,0.5402,0.428,0.0318,4958
Iowa,19091,Humboldt,0.3945,0.5761,0.0294,5327
Iowa,19093,Ida,0.4042,0.5637,0.0321,3849
Iowa,19095,Iowa,0.4357,0.5253,0.039,9742
Iowa,19097,Jackson,0.5475,0.4173,0.0352,11135
Iowa,19099,Jasper,0.4877,0.4894,0.0228,20184
Iowa,19101,Jefferson,0.3793,0.4303,0.1904,8959
Iowa,19103,Johnson,0.5908,0.3392,0.07,83851
Iowa,19105,Jones,0.513,0.4595,0.0276,10989
Iowa,19107,Keokuk,0.4409,0.5197,0.0394,5303
Iowa,19109,Kossuth,0.446,0.5195,0.0345,9090
Iowa,19111,Lee,0.5812,0.3825,0.0363,16734
Iowa,19113,Linn,0.5311,0.439,0.0299,127458
Iowa,19115,Louisa,0.4947,0.476,0.0293,5332
Iowa,19117,Lucas,0.4495,0.5257,0.0249,4630
Iowa,19119,Lyon,0.2458,0.7334,0.0208,6863
Iowa,19121,Madison,0.4438,0.5255,0.0307,9824
