state_name,county_fips,county_name,per_dem,per_gop,per_oth,total_votes
Alabama,1001,Autauga,0.2577,0.7361,0.0061,23641
Alabama,1003,Baldwin,0.2381,0.7526,0.0093,81413
Alabama,1005,Barbour,0.4899,0.5044,0.0058,11630
Alabama,1007,Bibb,0.266,0.7244,0.0096,8644
Alabama,1009,Blount,0.1451,0.8402,0.0147,24267
Alabama,1011,Bullock,0.7407,0.2569,0.0024,5415
Alabama,1013,Butler,0.4314,0.5649,0.0037,9709
Alabama,1015,Calhoun,0.3317,0.6569,0.0114,49242
Alabama,1017,Chambers,0.4546,0.5394,0.006,14956
Alabama,1019,Cherokee,0.2366,0.7489,0.0145,9745
Alabama,1021,Chilton,0.2066,0.7849,0.0085,17785
Alabama,1023,Choctaw,0.4606,0.535,0.0044,7894
Alabama,1025,Clarke,0.4402,0.5557,0.0041,13435
Alabama,1027,Clay,0.2581,0.7309,0.011,6819
Alabama,1029,Cleburne,0.1799,0.8035,0.0166,6492
Alabama,1031,Coffee,0.2523,0.7412,0.0065,20128
Alabama,1033,Colbert,0.3906,0.5933,0.0161,24843
Alabama,1035,Conecuh,0.4939,0.4998,0.0063,6943
Alabama,1037,Coosa,0.4086,0.5839,0.0075,5563
Alabama,1039,Covington,0.2052,0.7882,0.0065,15787
Alabama,1041,Crenshaw,0.3081,0.6865,0.0054,6291
Alabama,1043,Cullman,0.1661,0.8185,0.0154,35305
Alabama,1045,Dale,0.2728,0.7187,0.0085,19320
Alabama,1047,Dallas,0.6707,0.326,0.0033,20852
Alabama,1049,DeKalb,0.2356,0.7477,0.0167,24015
Alabama,1051,Elmore,0.2419,0.7512,0.0069,34315
Alabama,1053,Escambia,0.3536,0.6389,0.0076,14674
Alabama,1055,Etowah,0.3017,0.6839,0.0144,44737
Alabama,1057,Fayette,0.2506,0.7393,0.0101,7957
Alabama,1059,Franklin,0.2967,0.6883,0.0151,11693
Alabama,1061,Geneva,0.1831,0.8078,0.0091,11657
Alabama,1063,Greene,0.8309,0.1651,0.004,5305
Alabama,1065,Hale,0.6065,0.3896,0.0039,8214
Alabama,1067,Henry,0.349,0.6458,0.0052,8648
Alabama,1069,Houston,0.2929,0.7009,0.0061,41735
Alabama,1071,Jackson,0.3054,0.6747,0.02,20874
Alabama,1073,Jefferson,0.5215,0.4707,0.0078,318524
Alabama,1075,Lamar,0.2281,0.7659,0.0059,7075
Alabama,1077,Lauderdale,0.3498,0.6316,0.0186,38104
Alabama,1079,Lawrence,0.3518,0.6319,0.0163,14680
Alabama,1081,Lee,0.3957,0.5933,0.011,54325
Alabama,1083,Limestone,0.2842,0.7033,0.0124,33551
Alabama,1085,Lowndes,0.7487,0.2486,0.0027,7278
Alabama,1087,Macon,0.8688,0.1283,0.0029,10877
Alabama,1089,Madison,0.4193,0.5688,0.0119,152899
Alabama,1091,Marengo,0.5166,0.4809,0.0025,11471
Alabama,1093,Marion,0.2104,0.7718,0.0177,12355
Alabama,1095,Marshall,0.2122,0.7757,0.0121,33166
Alabama,1097,Mobile,0.453,0.5404,0.0066,181424
Alabama,1099,Monroe,0.4466,0.5488,0.0046,11252
Alabama,1101,Montgomery,0.5935,0.4013,0.0052,104743
Alabama,1103,Morgan,0.2749,0.7126,0.0125,50542
Alabama,1105,Perry,0.7237,0.2726,0.0037,6159
Alabama,1107,Pickens,0.4563,0.5398,0.0039,10067
Alabama,1109,Pike,0.4213,0.5736,0.0052,13955
Alabama,1111,Randolph,0.2951,0.691,0.014,10384
Alabama,1113,Russell,0.5332,0.4602,0.0066,18915
Alabama,1115,St. Clair,0.1787,0.8111,0.0102,34088
Alabama,1117,Shelby,0.2275,0.7619,0.0106,90643
Alabama,1119,Sumter,0.7499,0.2466,0.0036,7020
Alabama,1121,Talladega,0.4028,0.588,0.0092,34204
Alabama,1123,Tallapoosa,0.314,0.6792,0.0068,19311
Alabama,1125,Tuscaloosa,0.4156,0.5754,0.009,78912
Alabama,1127,Walker,0.259,0.7232,0.0178,28652
Alabama,1129,Washington,0.3495,0.6443,0.0062,8775
Alabama,1131,Wilcox,0.7102,0.2877,0.0022,6494
Alabama,1133,Winston,0.1752,0.8078,0.017,10031
Alaska,2013,Aleutians East,0.3033,0.6612,0.0355,676
Alaska,2016,Aleutians West,0.4702,0.4971,0.0327,1378
Alaska,2020,Anchorage,0.4084,0.5691,0.0225,135220
Alaska,2050,Bethel,0.521,0.435,0.0441,5173
Alaska,2060,Bristol Bay,0.271,0.6985,0.0305,524
Alaska,2068,Denali,0.4397,0.5302,0.0302,1260
Alaska,2070,Dillingham,0.4291,0.5466,0.0242,1983
Alaska,2090,Fairbanks North Star,0.358,0.615,0.027,44393
Alaska,2100,Haines,0.3791,0.51,0.1108,1543
Alaska,2105,Hoonah-Angoon,0.5134,0.4469,0.0397,1309
Alaska,2110,Juneau,0.561,0.407,0.032,17503
Alaska,2122,Kenai Peninsula,0.297,0.673,0.03,28156
Alaska,2130,Ketchikan Gateway,0.382,0.588,0.0301,6519
Alaska,2150,Kodiak Island,0.3349,0.634,0.0311,6276
Alaska,2270,Kusilvak,0.559,0.3991,0.0419,2270
Alaska,2164,Lake and Peninsula,0.3685,0.5956,0.0359,502
Alaska,2170,Matanuska-Susitna,0.229,0.745,0.026,40598
Alaska,2180,Nome,0.502,0.4701,0.0279,3442
Alaska,2185,North Slope,0.4381,0.5269,0.0349,2376
Alaska,2188,Northwest Arctic,0.402,0.5608,0.0372,2368
Alaska,2195,Petersburg,0.4091,0.5601,0.0308,1721
Alaska,2198,Prince of Wales-Hyder,0.427,0.519,0.054,2740
Alaska,2220,Sitka,0.5091,0.46,0.0309,4628
Alaska,2230,Skagway,0.5571,0.3814,0.0615,569
Alaska,2240,Southeast Fairbanks,0.1959,0.7741,0.0299,3573
Alaska,2261,Valdez-Cordova,0.319,0.6501,0.0309,5110
Alaska,2275,Wrangell,0.2859,0.6892,0.0249,1245
Alaska,2282,Yakutat,0.504,0.4558,0.0402,373
Alaska,2290,Yukon-Koyukuk,0.4431,0.524,0.0329,2916
Arizona,4001,Apache,0.6319,0.3511,0.017,24355
Arizona,4003,Cochise,0.386,0.5914,0.0227,49081
Arizona,4005,Coconino,0.5759,0.4065,0.0177,54583
Arizona,4007,Gila,0.3517,0.6288,0.0195,22417
Arizona,4009,Graham,0.2889,0.694,0.0171,12069
Arizona,4011,Greenlee,0.399,0.5863,0.0147,2920
Arizona,4012,La Paz,0.3459,0.6292,0.0249,5577
Arizona,4013,Maricopa,0.4391,0.5443,0.0166,1371370
Arizona,4015,Mohave,0.3249,0.652,0.0231,67995
Arizona,4017,Navajo,0.4336,0.55,0.0165,35932
Arizona,4019,Pima,0.5224,0.462,0.0157,394840
Arizona,4021,Pinal,0.4199,0.5638,0.0163,105398
Arizona,4023,Santa Cruz,0.6507,0.3386,0.0107,13344
Arizona,4025,Yavapai,0.3682,0.6108,0.021,100185
Arizona,4027,Yuma,0.424,0.5615,0.0145,43772
Arkansas,5001,Arkansas,0.3753,0.5997,0.0249,6978
Arkansas,5003,Ashley,0.3444,0.6255,0.0301,8642
Arkansas,5005,Baxter,0.3273,0.6432,0.0295,19981
Arkansas,5007,Benton,0.3067,0.672,0.0213,76073
Arkansas,5009,Boone,0.2866,0.6834,0.03,15474
Arkansas,5011,Bradley,0.4157,0.5598,0.0245,4041
Arkansas,5013,Calhoun,0.3117,0.6594,0.0289,2217
Arkansas,5015,Carroll,0.3944,0.575,0.0306,10579
Arkansas,5017,Chicot,0.5843,0.4069,0.0088,5208
Arkansas,5019,Clark,0.4692,0.5067,0.0241,9094
Arkansas,5021,Clay,0.4072,0.5502,0.0426,5511
Arkansas,5023,Cleburne,0.2603,0.7022,0.0375,11338
Arkansas,5025,Cleveland,0.2599,0.6993,0.0408,3505
Arkansas,5027,Columbia,0.3718,0.6132,0.015,9558
Arkansas,5029,Conway,0.387,0.5764,0.0366,8138
Arkansas,5031,Craighead,0.3647,0.6097,0.0256,30968
Arkansas,5033,Crawford,0.2551,0.7154,0.0295,20532
Arkansas,5035,Crittenden,0.5659,0.4191,0.0151,18255
Arkansas,5037,Cross,0.3619,0.6161,0.022,7130
Arkansas,5039,Dallas,0.4433,0.5295,0.0271,3318
Arkansas,5041,Desha,0.5492,0.4273,0.0235,4678
Arkansas,5043,Drew,0.393,0.584,0.023,6610
Arkansas,5045,Faulkner,0.3632,0.6159,0.0209,41179
Arkansas,5047,Franklin,0.2886,0.6812,0.0301,6475
Arkansas,5049,Fulton,0.389,0.5778,0.0331,4676
Arkansas,5051,Garland,0.3637,0.6136,0.0228,43719
Arkansas,5053,Grant,0.2299,0.7394,0.0306,6793
Arkansas,5055,Greene,0.3336,0.6302,0.0362,13612
Arkansas,5057,Hempstead,0.3904,0.5814,0.0282,7349
Arkansas,5059,Hot Spring,0.3587,0.603,0.0383,11955
Arkansas,5061,Howard,0.3603,0.6102,0.0295,4846
Arkansas,5063,Independence,0.2999,0.6712,0.0289,12299
Arkansas,5065,Izard,0.3434,0.6119,0.0447,5218
Arkansas,5067,Jackson,0.3954,0.5586,0.046,5582
Arkansas,5069,Jefferson,0.6219,0.3589,0.0192,29689
Arkansas,5071,Johnson,0.3709,0.6017,0.0274,8180
Arkansas,5073,Lafayette,0.3904,0.5806,0.0289,2902
Arkansas,5075,Lawrence,0.3667,0.5758,0.0575,5830
Arkansas,5077,Lee,0.6014,0.3864,0.0122,3763
Arkansas,5079,Lincoln,0.3881,0.5704,0.0415,4406
Arkansas,5081,Little River,0.3403,0.6302,0.0295,5152
Arkansas,5083,Logan,0.2891,0.6766,0.0343,7907
Arkansas,5085,Lonoke,0.2514,0.7263,0.0224,23741
Arkansas,5087,Madison,0.3388,0.6277,0.0335,6328
Arkansas,5089,Marion,0.3329,0.6317,0.0355,7162
Arkansas,5091,Miller,0.3232,0.6581,0.0187,15063
Arkansas,5093,Mississippi,0.4759,0.4979,0.0262,14010
Arkansas,5095,Monroe,0.4683,0.5086,0.0232,3449
Arkansas,5097,Montgomery,0.3015,0.653,0.0456,3622
Arkansas,5099,Nevada,0.4055,0.5673,0.0272,3635
Arkansas,5101,Newton,0.2985,0.6535,0.048,3960
Arkansas,5103,Ouachita,0.4363,0.5449,0.0188,9960
Arkansas,5105,Perry,0.316,0.641,0.043,4279
Arkansas,5107,Phillips,0.635,0.3453,0.0197,8969
Arkansas,5109,Pike,0.2746,0.6876,0.0378,3966
Arkansas,5111,Poinsett,0.3459,0.6184,0.0357,7928
Arkansas,5113,Polk,0.2548,0.7125,0.0327,7681
Arkansas,5115,Pope,0.2718,0.7051,0.0231,22079
Arkansas,5117,Prairie,0.31,0.6575,0.0325,3381
Arkansas,5119,Pulaski,0.5507,0.4352,0.0141,161343
Arkansas,5121,Randolph,0.3907,0.5721,0.0372,6319
Arkansas,5123,St. Francis,0.5772,0.4121,0.0107,9505
Arkansas,5125,Saline,0.2843,0.6938,0.0219,44653
Arkansas,5127,Scott,0.2636,0.6986,0.0378,3995
Arkansas,5129,Searcy,0.2498,0.7086,0.0416,3847
Arkansas,5131,Sebastian,0.3164,0.6627,0.0209,43212
Arkansas,5133,Sevier,0.2819,0.6823,0.0358,4580
Arkansas,5135,Sharp,0.3359,0.6253,0.0387,7252
Arkansas,5137,Stone,0.3002,0.6638,0.0361,5324
Arkansas,5139,Union,0.3603,0.6215,0.0182,17179
Arkansas,5141,Van Buren,0.3209,0.6379,0.0412,6703
Arkansas,5143,Washington,0.4244,0.5552,0.0204,68380
Arkansas,5145,White,0.2497,0.7222,0.028,26955
Arkansas,5147,Woodruff,0.5114,0.4368,0.0518,2761
Arkansas,5149,Yell,0.3318,0.6309,0.0373,6036
California,6001,Alameda,0.7852,0.1919,0.0229,622913
California,6003,Alpine,0.6081,0.3631,0.0288,694
California,6005,Amador,0.4138,0.5594,0.0267,18879
California,6007,Butte,0.4966,0.4732,0.0303,98707
California,6009,Calaveras,0.419,0.548,0.033,23421
California,6011,Colusa,0.3984,0.5789,0.0226,6448
California,6013,Contra Costa,0.6773,0.301,0.0217,453244
California,6015,Del Norte,0.4536,0.5211,0.0253,9531
California,6017,El Dorado,0.4344,0.5392,0.0264,93309
California,6019,Fresno,0.4999,0.4791,0.021,273452
California,6021,Glenn,0.378,0.5982,0.0238,9879
California,6023,Humboldt,0.6205,0.3394,0.0401,63968
California,6025,Imperial,0.6224,0.3608,0.0167,38820
California,6027,Inyo,0.4376,0.5288,0.0337,8554
California,6029,Kern,0.3997,0.5765,0.0238,233808
California,6031,Kings,0.42,0.5614,0.0185,35108
California,6033,Lake,0.5796,0.3876,0.0328,25629
California,6035,Lassen,0.3137,0.6545,0.0318,11433
California,6037,Los Angeles,0.6919,0.2882,0.0199,3318248
California,6039,Madera,0.4227,0.5552,0.0221,42474
California,6041,Marin,0.7777,0.2019,0.0204,140570
California,6043,Mariposa,0.4237,0.5475,0.0288,9677
California,6045,Mendocino,0.6929,0.2668,0.0403,40184
California,6047,Merced,0.5313,0.4481,0.0205,64051
California,6049,Modoc,0.2971,0.6744,0.0285,4420
California,6051,Mono,0.5552,0.4225,0.0223,5571
California,6053,Monterey,0.6815,0.2989,0.0195,129783
California,6055,Napa,0.6514,0.3267,0.0219,59642
California,6057,Nevada,0.5143,0.4612,0.0246,55647
California,6059,Orange,0.4763,0.5019,0.0217,1153687
California,6061,Placer,0.4321,0.5445,0.0233,173812
California,6063,Plumas,0.4275,0.5472,0.0252,11028
California,6065,Riverside,0.5021,0.479,0.0189,647299
California,6067,Sacramento,0.583,0.3934,0.0235,542859
California,6069,San Benito,0.6022,0.3752,0.0225,19788
California,6071,San Bernardino,0.5207,0.4575,0.0218,606334
California,6073,San Diego,0.5395,0.4379,0.0226,1235503
California,6075,San Francisco,0.8396,0.1362,0.0242,383796
California,6077,San Joaquin,0.5419,0.4356,0.0225,210308
California,6079,San Luis Obispo,0.512,0.4585,0.0295,133155
California,6081,San Mateo,0.7347,0.2475,0.0178,303292
California,6083,Santa Barbara,0.6021,0.3739,0.024,175407
California,6085,Santa Clara,0.6945,0.2855,0.02,665589
California,6087,Santa Cruz,0.773,0.1976,0.0293,127736
California,6089,Shasta,0.3591,0.6168,0.0241,80390
California,6091,Sierra,0.3732,0.5816,0.0452,1991
California,6093,Siskiyou,0.4309,0.5342,0.0349,21564
California,6095,Solano,0.6318,0.3468,0.0214,161588
California,6097,Sonoma,0.7364,0.2404,0.0233,229351
California,6099,Stanislaus,0.497,0.4798,0.0231,161512
California,6101,Sutter,0.4062,0.5727,0.0211,33021
California,6103,Tehama,0.3642,0.6044,0.0314,24560
California,6105,Trinity,0.5028,0.4572,0.04,6430
California,6107,Tulare,0.4135,0.5664,0.0201,105525
California,6109,Tuolumne,0.4224,0.549,0.0287,27303
California,6111,Ventura,0.5501,0.4277,0.0222,341041
California,6113,Yolo,0.6707,0.3084,0.0209,79749
California,6115,Yuba,0.4143,0.561,0.0247,21401
Colorado,8001,Adams,0.5822,0.3986,0.0192,160501
Colorado,8003,Alamosa,0.5601,0.4192,0.0207,6286
Colorado,8005,Arapahoe,0.5569,0.4278,0.0153,266156
Colorado,8007,Archuleta,0.4281,0.5491,0.0228,6625
Colorado,8009,Baca,0.2464,0.7228,0.0308,2175
Colorado,8011,Bent,0.4161,0.5609,0.0229,1920
Colorado,8013,Boulder,0.7229,0.2614,0.0157,171763
Colorado,8014,Broomfield,0.5489,0.4331,0.0179,29453
Colorado,8015,Chaffee,0.4901,0.4912,0.0187,9921
Colorado,8017,Cheyenne,0.1782,0.8011,0.0207,1111
Colorado,8019,Clear Creek,0.5778,0.3988,0.0234,5767
Colorado,8021,Conejos,0.556,0.4267,0.0173,3874
Colorado,8023,Costilla,0.7336,0.2445,0.0218,1697
Colorado,8025,Crowley,0.3543,0.6264,0.0193,1558
Colorado,8027,Custer,0.3469,0.636,0.0171,2629
Colorado,8029,Delta,0.3294,0.6523,0.0183,15434
Colorado,8031,Denver,0.7545,0.2304,0.015,271533
Colorado,8033,Dolores,0.3032,0.6721,0.0247,1217
Colorado,8035,Douglas,0.4081,0.5803,0.0115,151819
Colorado,8037,Eagle,0.6091,0.3777,0.0132,21658
Colorado,8039,Elbert,0.2892,0.6897,0.0211,13206
Colorado,8041,El Paso,0.3986,0.5869,0.0145,273175
Colorado,8043,Fremont,0.3436,0.636,0.0204,19919
Colorado,8045,Garfield,0.492,0.4921,0.0159,23082
Colorado,8047,Gilpin,0.5907,0.3808,0.0285,3369
Colorado,8049,Grand,0.4859,0.4968,0.0173,8309
Colorado,8051,Gunnison,0.6264,0.3529,0.0206,8871
Colorado,8053,Hinsdale,0.4007,0.5743,0.025,599
Colorado,8055,Huerfano,0.546,0.4337,0.0203,3643
Colorado,8057,Jackson,0.3031,0.6827,0.0142,914
Colorado,8059,Jefferson,0.536,0.4461,0.0179,295068
Colorado,8061,Kiowa,0.2089,0.7629,0.0282,852
Colorado,8063,Kit Carson,0.265,0.7132,0.0218,3442
Colorado,8065,Lake,0.6193,0.3591,0.0217,3002
Colorado,8067,La Plata,0.5739,0.4111,0.015,27979
Colorado,8069,Larimer,0.5399,0.4426,0.0175,166375
Colorado,8071,Las Animas,0.5268,0.4564,0.0167,6761
Colorado,8073,Lincoln,0.237,0.7452,0.0178,2304
Colorado,8075,Logan,0.317,0.6686,0.0144,8977
Colorado,8077,Mesa,0.3448,0.6402,0.015,69631
Colorado,8079,Mineral,0.4334,0.5361,0.0305,623
Colorado,8081,Moffat,0.2695,0.7043,0.0262,5871
Colorado,8083,Montezuma,0.3942,0.5887,0.0172,11825
Colorado,8085,Montrose,0.3391,0.6369,0.024,19153
Colorado,8087,Morgan,0.3726,0.6129,0.0146,10234
Colorado,8089,Otero,0.4398,0.5447,0.0155,8065
Colorado,8091,Ouray,0.5346,0.4467,0.0186,3060
Colorado,8093,Park,0.4529,0.5218,0.0253,9383
Colorado,8095,Phillips,0.2751,0.7134,0.0115,2261
Colorado,8097,Pitkin,0.7374,0.2492,0.0133,9966
Colorado,8099,Prowers,0.3222,0.6594,0.0184,4615
Colorado,8101,Pueblo,0.5674,0.4178,0.0148,72427
Colorado,8103,Rio Blanco,0.2081,0.7744,0.0175,3147
Colorado,8105,Rio Grande,0.4497,0.5382,0.0121,5444
Colorado,8107,Routt,0.6266,0.358,0.0155,13199
Colorado,8109,Saguache,0.6291,0.3476,0.0233,2750
Colorado,8111,San Juan,0.5323,0.4395,0.0282,496
Colorado,8113,San Miguel,0.7699,0.2145,0.0156,4350
Colorado,8115,Sedgwick,0.3464,0.6343,0.0192,1351
Colorado,8117,Summit,0.6579,0.3277,0.0144,14899
Colorado,8119,Teller,0.3497,0.6312,0.0191,12906
Colorado,8121,Washington,0.2105,0.7756,0.0139,2513
Colorado,8123,Weld,0.4467,0.5339,0.0193,105866
Colorado,8125,Yuma,0.2492,0.733,0.0178,4483
Connecticut,9001,Fairfield,0.5872,0.4054,0.0074,413741
Connecticut,9003,Hartford,0.6511,0.3367,0.0122,412728
Connecticut,9005,Litchfield,0.5157,0.4666,0.0177,98966
Connecticut,9007,Middlesex,0.6072,0.3773,0.0155,87253
Connecticut,9009,New Haven,0.6101,0.3778,0.0121,382886
Connecticut,9011,New London,0.5988,0.3883,0.0129,124874
Connecticut,9013,Tolland,0.5967,0.3876,0.0157,75501
Connecticut,9015,Windham,0.5639,0.4172,0.0189,50844
Delaware,10001,Kent,0.5438,0.4457,0.0105,66925
Delaware,10003,New Castle,0.6966,0.2907,0.0126,256621
Delaware,10005,Sussex,0.4524,0.5382,0.0093,89070
District of Columbia,11001,District of Columbia,0.9246,0.0653,0.0101,265853
Florida,12001,Alachua,0.5999,0.3851,0.015,125967
Florida,12003,Baker,0.2099,0.7822,0.0079,11087
Florida,12005,Bay,0.2907,0.6966,0.0127,81366
Florida,12007,Bradford,0.2931,0.6952,0.0117,11703
Florida,12009,Brevard,0.4417,0.5454,0.0129,288927
Florida,12011,Broward,0.6702,0.3234,0.0064,735091
Florida,12013,Calhoun,0.2907,0.6936,0.0156,6264
Florida,12015,Charlotte,0.4565,0.5287,0.0148,85499
Florida,12017,Citrus,0.4112,0.5713,0.0176,76509
Florida,12019,Clay,0.2818,0.7095,0.0087,94723
Florida,12021,Collier,0.3835,0.6084,0.0082,141988
Florida,12023,Columbia,0.325,0.6617,0.0133,28215
Florida,12027,DeSoto,0.4312,0.5541,0.0147,10164
Florida,12029,Dixie,0.264,0.7122,0.0239,7293
Florida,12031,Duval,0.4863,0.5053,0.0085,416693
Florida,12033,Escambia,0.3976,0.5902,0.0122,154874
Florida,12035,Flagler,0.5024,0.4866,0.011,49217
Florida,12037,Franklin,0.3528,0.6312,0.016,6049
Florida,12039,Gadsden,0.6914,0.3022,0.0064,22538
Florida,12041,Gilchrist,0.2553,0.7234,0.0214,7819
Florida,12043,Glades,0.3929,0.5945,0.0127,4261
Florida,12045,Gulf,0.2977,0.6899,0.0123,7218
Florida,12047,Hamilton,0.4224,0.5681,0.0095,5596
Florida,12049,Hardee,0.3451,0.64,0.0149,7442
Florida,12051,Hendry,0.4578,0.5294,0.0127,10917
Florida,12053,Hernando,0.4746,0.5101,0.0153,88257
Florida,12055,Highlands,0.4037,0.5837,0.0126,44922
Florida,12057,Hillsborough,0.5305,0.4594,0.0101,514501
Florida,12059,Holmes,0.1678,0.8163,0.0159,8616
Florida,12061,Indian River,0.4196,0.5674,0.0129,70802
Florida,12063,Jackson,0.3549,0.6347,0.0104,21613
Florida,12065,Jefferson,0.5124,0.4759,0.0117,7978
Florida,12067,Lafayette,0.1901,0.7933,0.0166,3377
Florida,12069,Lake,0.4271,0.5619,0.011,147371
Florida,12071,Lee,0.4434,0.5467,0.0099,269977
Florida,12073,Leon,0.616,0.374,0.01,148935
Florida,12075,Levy,0.3572,0.6256,0.0172,18789
Florida,12077,Liberty,0.2724,0.7118,0.0158,3286
Florida,12079,Madison,0.4794,0.5102,0.0104,8907
Florida,12081,Manatee,0.4593,0.5294,0.0112,152467
Florida,12083,Marion,0.4358,0.5514,0.0128,162542
Florida,12085,Martin,0.4267,0.5622,0.0111,78522
Florida,12086,Miami-Dade,0.5781,0.417,0.0049,864636
Florida,12087,Monroe,0.5175,0.4686,0.0139,40403
Florida,12089,Nassau,0.2766,0.7138,0.0097,38392
Florida,12091,Okaloosa,0.2701,0.7182,0.0117,95781
Florida,12093,Okeechobee,0.3979,0.5889,0.0132,12839
Florida,12095,Orange,0.5896,0.4035,0.0069,463039
Florida,12097,Osceola,0.5941,0.3972,0.0087,100925
Florida,12099,Palm Beach,0.6108,0.3822,0.007,591436
Florida,12101,Pasco,0.4751,0.5107,0.0142,215589
Florida,12103,Pinellas,0.5338,0.4516,0.0146,465152
Florida,12105,Polk,0.4634,0.5245,0.0121,245704
Florida,12107,Putnam,0.3977,0.5901,0.0122,33279
Florida,12109,St. Johns,0.3374,0.6525,0.0101,106081
Florida,12111,St. Lucie,0.5549,0.4341,0.0111,120974
Florida,12113,Santa Rosa,0.2549,0.7328,0.0122,76377
Florida,12115,Sarasota,0.4937,0.4947,0.0116,208005
Florida,12117,Seminole,0.4812,0.509,0.0098,206426
Florida,12119,Sumter,0.3604,0.6301,0.0094,48983
Florida,12121,Suwannee,0.2776,0.7077,0.0147,17711
Florida,12123,Taylor,0.2986,0.6879,0.0135,9387
Florida,12125,Union,0.2448,0.742,0.0132,5310
Florida,12127,Volusia,0.5219,0.4653,0.0128,244855
Florida,12129,Wakulla,0.3694,0.6175,0.0131,14376
Florida,12131,Walton,0.2643,0.7208,0.0149,27139
Florida,12133,Washington,0.2564,0.7323,0.0113,11167
Georgia,13001,Appling,0.2636,0.7262,0.0101,7002
Georgia,13003,Atkinson,0.3227,0.6677,0.0096,2907
Georgia,13005,Bacon,0.2073,0.7836,0.0091,3942
Georgia,13007,Baker,0.5009,0.4902,0.0089,1689
Georgia,13009,Baldwin,0.5184,0.4723,0.0093,16564
Georgia,13011,Banks,0.1643,0.8193,0.0163,6249
Georgia,13013,Barrow,0.2702,0.7155,0.0142,24633
Georgia,13015,Bartow,0.2671,0.7181,0.0148,36175
Georgia,13017,Ben Hill,0.428,0.5646,0.0074,6052
Georgia,13019,Berrien,0.228,0.7595,0.0126,6453
Georgia,13021,Bibb,0.5867,0.4069,0.0064,66448
Georgia,13023,Bleckley,0.2714,0.7193,0.0092,5084
Georgia,13025,Brantley,0.178,0.8079,0.0142,6288
Georgia,13027,Brooks,0.4301,0.5652,0.0047,6205
Georgia,13029,Bryan,0.2826,0.7082,0.0092,12867
Georgia,13031,Bulloch,0.3998,0.5912,0.009,23976
Georgia,13033,Burke,0.543,0.4508,0.0062,9637
Georgia,13035,Butts,0.3367,0.6532,0.0101,9104
Georgia,13037,Calhoun,0.6067,0.3897,0.0036,2212
Georgia,13039,Camden,0.3789,0.6139,0.0072,17108
Georgia,13043,Candler,0.3433,0.6491,0.0077,3522
Georgia,13045,Carroll,0.3289,0.6576,0.0135,43583
Georgia,13047,Catoosa,0.2449,0.7404,0.0147,24605
Georgia,13049,Charlton,0.3238,0.667,0.0092,3697
Georgia,13051,Chatham,0.5682,0.424,0.0078,110442
Georgia,13053,Chattahoochee,0.5012,0.4897,0.0091,1656
Georgia,13055,Chattooga,0.3114,0.6683,0.0203,8337
Georgia,13057,Cherokee,0.2378,0.7479,0.0143,93973
Georgia,13059,Clarke,0.648,0.3358,0.0162,45666
Georgia,13061,Clay,0.6104,0.3875,0.0021,1440
Georgia,13063,Clayton,0.8293,0.1659,0.0048,99514
Georgia,13065,Clinch,0.366,0.621,0.013,2702
Georgia,13067,Cobb,0.4467,0.5408,0.0125,316124
Georgia,13069,Coffee,0.3497,0.6449,0.0055,13758
Georgia,13071,Colquitt,0.3076,0.6827,0.0097,13454
Georgia,13073,Columbia,0.2831,0.7089,0.008,55466
Georgia,13075,Cook,0.3512,0.64,0.0088,5909
Georgia,13077,Coweta,0.2894,0.7005,0.0101,53635
Georgia,13079,Crawford,0.3491,0.6399,0.0111,5248
Georgia,13081,Crisp,0.4084,0.5856,0.006,7554
Georgia,13083,Dade,0.2502,0.7301,0.0197,6442
Georgia,13085,Dawson,0.1634,0.8254,0.0112,9986
Georgia,13087,Decatur,0.426,0.5672,0.0068,10385
Georgia,13089,DeKalb,0.7886,0.2031,0.0083,322846
Georgia,13091,Dodge,0.3155,0.674,0.0105,8224
Georgia,13093,Dooly,0.5138,0.4785,0.0077,4161
Georgia,13095,Dougherty,0.6721,0.3227,0.0052,38886
Georgia,13097,Douglas,0.5041,0.4858,0.0101,55197
Georgia,13099,Early,0.4872,0.5074,0.0054,5343
Georgia,13101,Echols,0.1692,0.8258,0.0051,1188
Georgia,13103,Effingham,0.2427,0.7487,0.0086,20341
Georgia,13105,Elbert,0.404,0.5843,0.0118,8332
Georgia,13107,Emanuel,0.3718,0.6192,0.009,8252
Georgia,13109,Evans,0.3563,0.6385,0.0052,3856
Georgia,13111,Fannin,0.2453,0.7335,0.0211,10643
Georgia,13113,Fayette,0.3417,0.6477,0.0105,59441
Georgia,13115,Floyd,0.3115,0.674,0.0145,34322
Georgia,13117,Forsyth,0.204,0.7836,0.0123,75503
Georgia,13119,Franklin,0.2362,0.749,0.0148,8103
Georgia,13121,Fulton,0.6706,0.3208,0.0086,405625
Georgia,13123,Gilmer,0.2337,0.7517,0.0147,11186
Georgia,13125,Glascock,0.1471,0.8417,0.0112,1428
Georgia,13127,Glynn,0.3795,0.6131,0.0074,33403
Georgia,13129,Gordon,0.2417,0.7427,0.0155,17655
Georgia,13131,Grady,0.3777,0.6163,0.0061,9371
Georgia,13133,Greene,0.4215,0.5721,0.0063,7921
Georgia,13135,Gwinnett,0.4435,0.5456,0.0109,290938
Georgia,13137,Habersham,0.1952,0.7918,0.013,14859
Georgia,13139,Hall,0.2404,0.7477,0.0118,60130
Georgia,13141,Hancock,0.813,0.1828,0.0041,4348
Georgia,13143,Haralson,0.202,0.7779,0.0201,11130
Georgia,13145,Harris,0.28,0.7125,0.0076,14945
Georgia,13147,Hart,0.3357,0.6521,0.0122,10024
Georgia,13149,Heard,0.2463,0.7405,0.0132,4231
Georgia,13151,Henry,0.4585,0.5329,0.0086,88486
Georgia,13153,Houston,0.3943,0.5959,0.0098,56034
Georgia,13155,Irwin,0.3117,0.6784,0.0099,3840
Georgia,13157,Jackson,0.2151,0.7723,0.0126,23016
Georgia,13159,Jasper,0.3274,0.6625,0.0102,5911
Georgia,13161,Jeff Davis,0.2565,0.7316,0.0119,5286
Georgia,13163,Jefferson,0.5735,0.4231,0.0035,7235
Georgia,13165,Jenkins,0.4306,0.5625,0.007,3442
Georgia,13167,Johnson,0.3282,0.6647,0.0071,3650
Georgia,13169,Jones,0.3669,0.6246,0.0085,12460
Georgia,13171,Lamar,0.3572,0.6324,0.0104,7705
Georgia,13173,Lanier,0.3688,0.6205,0.0108,2880
Georgia,13175,Laurens,0.3892,0.6037,0.0071,19963
Georgia,13177,Lee,0.2364,0.7569,0.0066,13112
Georgia,13179,Liberty,0.6387,0.3554,0.006,16400
Georgia,13181,Lincoln,0.373,0.6173,0.0097,4424
Georgia,13183,Long,0.3723,0.6124,0.0153,3460
Georgia,13185,Lowndes,0.4483,0.5419,0.0098,39250
Georgia,13187,Lumpkin,0.2328,0.7495,0.0176,11108
Georgia,13189,McDuffie,0.4219,0.5711,0.007,9455
Georgia,13191,McIntosh,0.4658,0.5263,0.0079,6236
Georgia,13193,Macon,0.6523,0.3435,0.0042,4984
Georgia,13195,Madison,0.2609,0.7238,0.0153,11365
Georgia,13197,Marion,0.4332,0.5558,0.011,3188
Georgia,13199,Meriwether,0.4691,0.5234,0.0075,9518
Georgia,13201,Miller,0.2985,0.6931,0.0084,2740
Georgia,13205,Mitchell,0.4761,0.5166,0.0073,8132
Georgia,13207,Monroe,0.338,0.6531,0.0089,12147
Georgia,13209,Montgomery,0.2908,0.7016,0.0075,3593
Georgia,13211,Morgan,0.3373,0.6532,0.0095,9165
Georgia,13213,Murray,0.2643,0.7146,0.0211,11447
Georgia,13215,Muscogee,0.5954,0.3987,0.0059,74162
Georgia,13217,Newton,0.5021,0.4903,0.0077,41482
Georgia,13219,Oconee,0.2809,0.7057,0.0133,17174
Georgia,13221,Oglethorpe,0.3454,0.6412,0.0135,6463
Georgia,13223,Paulding,0.3019,0.6867,0.0115,57076
Georgia,13225,Peach,0.5294,0.462,0.0086,11196
Georgia,13227,Pickens,0.2025,0.7808,0.0167,12813
Georgia,13229,Pierce,0.1843,0.8092,0.0065,6797
Georgia,13231,Pike,0.1916,0.7964,0.012,8221
Georgia,13233,Polk,0.2863,0.696,0.0177,14153
Georgia,13235,Pulaski,0.3476,0.6444,0.0081,3962
Georgia,13237,Putnam,0.3394,0.6528,0.0078,9139
Georgia,13239,Quitman,0.5349,0.4561,0.009,1116
Georgia,13241,Rabun,0.2622,0.7189,0.019,7633
Georgia,13243,Randolph,0.5698,0.4259,0.0044,3217
Georgia,13245,Richmond,0.656,0.338,0.006,79422
Georgia,13247,Rockdale,0.5432,0.4478,0.0089,37784
Georgia,13249,Schley,0.2754,0.72,0.0046,1739
Georgia,13251,Screven,0.4662,0.5277,0.0062,6487
Georgia,13253,Seminole,0.4143,0.5777,0.008,4007
Georgia,13255,Spalding,0.4009,0.5885,0.0106,25295
Georgia,13257,Stephens,0.2563,0.7287,0.015,10552
Georgia,13259,Stewart,0.6188,0.3713,0.01,2109
Georgia,13261,Sumter,0.5266,0.4665,0.0069,12255
Georgia,13263,Talbot,0.6401,0.3515,0.0084,3701
Georgia,13265,Taliaferro,0.6495,0.3424,0.0081,990
Georgia,13267,Tattnall,0.2872,0.7032,0.0095,6726
Georgia,13269,Taylor,0.4282,0.5634,0.0084,3587
Georgia,13271,Telfair,0.4255,0.5681,0.0064,4376
Georgia,13273,Terrell,0.5657,0.4275,0.0068,4421
Georgia,13275,Thomas,0.4174,0.5754,0.0071,18494
Georgia,13277,Tift,0.3328,0.6609,0.0062,14269
Georgia,13279,Toombs,0.3054,0.6861,0.0085,9704
Georgia,13281,Towns,0.2413,0.7446,0.0141,5764
Georgia,13283,Treutlen,0.3754,0.6165,0.0081,2962
Georgia,13285,Troup,0.4011,0.5904,0.0085,26068
Georgia,13287,Turner,0.4013,0.5894,0.0093,3556
Georgia,13289,Twiggs,0.5312,0.4615,0.0073,4522
Georgia,13291,Union,0.2326,0.7496,0.0179,10690
Georgia,13293,Upson,0.3552,0.6377,0.0072,11434
Georgia,13295,Walker,0.2577,0.7233,0.019,23654
Georgia,13297,Walton,0.2347,0.7554,0.0099,36079
Georgia,13299,Ware,0.3244,0.6683,0.0073,12436
Georgia,13301,Warren,0.5838,0.4083,0.0079,2662
Georgia,13303,Washington,0.5189,0.4749,0.0062,8878
Georgia,13305,Wayne,0.2703,0.7188,0.011,10575
Georgia,13307,Webster,0.4635,0.5293,0.0072,1111
Georgia,13309,Wheeler,0.3586,0.636,0.0054,2214
Georgia,13311,White,0.2013,0.7841,0.0146,10799
Georgia,13313,Whitfield,0.2939,0.692,0.0142,27791
Georgia,13315,Wilcox,0.3091,0.6824,0.0085,3164
Georgia,13317,Wilkes,0.4575,0.5346,0.0079,5060
Georgia,13319,Wilkinson,0.4912,0.5021,0.0066,4678
Georgia,13321,Worth,0.3033,0.6896,0.0072,8382
Hawaii,15001,Hawaii,0.7594,0.2222,0.0184,66916
Hawaii,15003,Honolulu,0.6983,0.2874,0.0144,306813
Hawaii,15007,Kauai,0.7499,0.2294,0.0207,27224
Hawaii,15009,Maui,0.7671,0.2154,0.0175,51789
Idaho,16001,Ada,0.4549,0.5163,0.0287,180760
Idaho,16003,Adams,0.3138,0.6539,0.0323,2320
Idaho,16005,Bannock,0.4174,0.5462,0.0364,35437
Idaho,16007,Bear Lake,0.1706,0.8077,0.0217,2943
Idaho,16009,Benewah,0.3379,0.6354,0.0267,4164
Idaho,16011,Bingham,0.2579,0.7129,0.0293,17156
Idaho,16013,Blaine,0.6571,0.3253,0.0177,10573
Idaho,16015,Boise,0.3287,0.6448,0.0265,3773
Idaho,16017,Bonner,0.401,0.5701,0.0289,19550
Idaho,16019,Bonneville,0.2738,0.7034,0.0228,41703
Idaho,16021,Boundary,0.3135,0.6502,0.0363,4734
Idaho,16023,Butte,0.2255,0.7489,0.0255,1410
Idaho,16025,Camas,0.3026,0.6828,0.0146,618
Idaho,16027,Canyon,0.3114,0.6607,0.0279,64706
Idaho,16029,Caribou,0.1675,0.8044,0.0282,3302
Idaho,16031,Cassia,0.1688,0.7993,0.0319,7893
Idaho,16033,Clark,0.1707,0.8133,0.016,375
Idaho,16035,Clearwater,0.31,0.6577,0.0323,3906
Idaho,16037,Custer,0.2597,0.7199,0.0204,2353
Idaho,16039,Elmore,0.3053,0.6676,0.0271,8486
Idaho,16041,Franklin,0.1182,0.8368,0.0449,5074
Idaho,16043,Fremont,0.1811,0.7992,0.0197,5881
Idaho,16045,Gem,0.2725,0.7027,0.0248,7948
Idaho,16047,Gooding,0.2762,0.6984,0.0254,5391
Idaho,16049,Idaho,0.2456,0.7179,0.0365,8212
Idaho,16051,Jefferson,0.1572,0.8179,0.0249,10441
Idaho,16053,Jerome,0.262,0.7152,0.0228,6847
Idaho,16055,Kootenai,0.3537,0.6138,0.0324,62535
Idaho,16057,Latah,0.5132,0.4459,0.0409,17916
Idaho,16059,Lemhi,0.2585,0.7157,0.0258,4105
Idaho,16061,Lewis,0.2655,0.7068,0.0277,1804
Idaho,16063,Lincoln,0.2914,0.6588,0.0497,1870
Idaho,16065,Madison,0.1246,0.8524,0.023,13058
Idaho,16067,Minidoka,0.2366,0.7383,0.0251,6890
Idaho,16069,Nez Perce,0.3997,0.5811,0.0192,17823
Idaho,16071,Oneida,0.1762,0.7974,0.0264,2162
Idaho,16073,Owyhee,0.2326,0.7452,0.0222,4058
Idaho,16075,Payette,0.2778,0.6888,0.0334,8693
Idaho,16077,Power,0.3614,0.6172,0.0215,2842
Idaho,16079,Shoshone,0.4449,0.5211,0.0341,5667
Idaho,16081,Teton,0.4941,0.4857,0.0202,4659
Idaho,16083,Twin Falls,0.3013,0.6652,0.0336,28613
Idaho,16085,Valley,0.454,0.5233,0.0227,5297
Idaho,16087,Washington,0.2754,0.7031,0.0215,4506
Illinois,17001,Adams,0.3817,0.6055,0.0128,30902
Illinois,17003,Alexander,0.5546,0.4287,0.0167,3947
Illinois,17005,Bond,0.4828,0.4959,0.0214,7960
Illinois,17007,Boone,0.5096,0.4678,0.0226,22238
Illinois,17009,Brown,0.3826,0.5991,0.0182,2577
Illinois,17011,Bureau,0.5182,0.4612,0.0206,17153
Illinois,17013,Calhoun,0.5259,0.4512,0.0229,2706
Illinois,17015,Carroll,0.5154,0.4674,0.0172,7693
Illinois,17017,Cass,0.4952,0.4818,0.023,5432
Illinois,17019,Champaign,0.5757,0.4013,0.023,84408
Illinois,17021,Christian,0.4565,0.5194,0.0241,15155
Illinois,17023,Clark,0.4502,0.5304,0.0194,8312
Illinois,17025,Clay,0.375,0.6072,0.0178,6466
Illinois,17027,Clinton,0.4422,0.5404,0.0173,17314
Illinois,17029,Coles,0.506,0.4742,0.0198,23153
Illinois,17031,Cook,0.7621,0.2282,0.0097,2137466
Illinois,17033,Crawford,0.4242,0.5539,0.0219,9153
Illinois,17035,Cumberland,0.3849,0.5911,0.024,5339
Illinois,17037,DeKalb,0.5733,0.4061,0.0205,44974
Illinois,17039,De Witt,0.4224,0.5552,0.0223,7831
Illinois,17041,Douglas,0.3852,0.5973,0.0174,8379
Illinois,17043,DuPage,0.5472,0.4393,0.0135,417973
Illinois,17045,Edgar,0.4518,0.5309,0.0173,8284
Illinois,17047,Edwards,0.3391,0.6356,0.0253,3362
Illinois,17049,Effingham,0.3117,0.6708,0.0175,16880
Illinois,17051,Fayette,0.4086,0.5664,0.0249,9708
Illinois,17053,Ford,0.348,0.6373,0.0147,6400
Illinois,17055,Franklin,0.4745,0.5025,0.023,18714
Illinois,17057,Fulton,0.5945,0.3819,0.0236,16369
Illinois,17059,Gallatin,0.5526,0.422,0.0254,2872
Illinois,17061,Greene,0.4495,0.524,0.0264,5826
Illinois,17063,Grundy,0.4976,0.4807,0.0217,22232
Illinois,17065,Hamilton,0.4192,0.5493,0.0315,4284
Illinois,17067,Hancock,0.4373,0.545,0.0176,9469
Illinois,17069,Hardin,0.3943,0.588,0.0177,2262
Illinois,17071,Henderson,0.5785,0.4025,0.0191,3829
Illinois,17073,Henry,0.5304,0.4533,0.0163,24849
Illinois,17075,Iroquois,0.3408,0.6382,0.021,13624
Illinois,17077,Jackson,0.5952,0.3781,0.0266,25617
Illinois,17079,Jasper,0.4012,0.5764,0.0224,5142
Illinois,17081,Jefferson,0.4333,0.5402,0.0265,17221
Illinois,17083,Jersey,0.475,0.502,0.023,10615
Illinois,17085,Jo Daviess,0.5449,0.44,0.0151,11750
Illinois,17087,Johnson,0.3164,0.6615,0.0222,5914
Illinois,17089,Kane,0.5521,0.4342,0.0137,193363
Illinois,17091,Kankakee,0.5141,0.468,0.0179,48138
Illinois,17093,Kendall,0.5295,0.4575,0.013,46731
Illinois,17095,Knox,0.5889,0.3909,0.0203,24098
Illinois,17097,Lake,0.591,0.3953,0.0137,299900
Illinois,17099,LaSalle,0.5455,0.4347,0.0198,50310
Illinois,17101,Lawrence,0.4599,0.5189,0.0212,6558
Illinois,17103,Lee,0.4747,0.5049,0.0204,16357
Illinois,17105,Livingston,0.395,0.5866,0.0184,15669
Illinois,17107,Logan,0.4057,0.5741,0.0202,12941
Illinois,17109,McDonough,0.5189,0.4632,0.0179,13072
Illinois,17111,McHenry,0.5177,0.4644,0.0179,139632
Illinois,17113,McLean,0.4967,0.4846,0.0187,75878
Illinois,17115,Macon,0.496,0.4855,0.0186,51389
Illinois,17117,Macoupin,0.5387,0.4407,0.0206,22443
Illinois,17119,Madison,0.536,0.4443,0.0197,128690
Illinois,17121,Marion,0.4793,0.4992,0.0215,17410
Illinois,17123,Marshall,0.4853,0.4954,0.0192,6348
Illinois,17125,Mason,0.5185,0.4598,0.0217,6831
Illinois,17127,Massac,0.3736,0.6063,0.0201,7209
Illinois,17129,Menard,0.4178,0.5669,0.0153,6477
Illinois,17131,Mercer,0.551,0.4321,0.0169,8870
Illinois,17133,Monroe,0.4387,0.545,0.0163,18129
Illinois,17135,Montgomery,0.5028,0.4764,0.0208,12909
Illinois,17137,Morgan,0.4851,0.4931,0.0218,15394
Illinois,17139,Moultrie,0.4253,0.5533,0.0214,6273
Illinois,17141,Ogle,0.4513,0.5272,0.0215,24934
Illinois,17143,Peoria,0.5619,0.4232,0.0149,81704
Illinois,17145,Perry,0.4703,0.5089,0.0208,9995
Illinois,17147,Piatt,0.4279,0.5534,0.0186,9018
Illinois,17149,Pike,0.3957,0.5831,0.0212,7643
Illinois,17151,Pope,0.3788,0.602,0.0193,2231
Illinois,17153,Pulaski,0.5009,0.4872,0.0119,3270
Illinois,17155,Putnam,0.5685,0.4123,0.0192,3342
Illinois,17157,Randolph,0.4864,0.4959,0.0177,15202
Illinois,17159,Richland,0.4146,0.5642,0.0212,7673
Illinois,17161,Rock Island,0.6152,0.3697,0.0151,68608
Illinois,17163,St. Clair,0.6042,0.3805,0.0154,126054
Illinois,17165,Saline,0.4429,0.5315,0.0256,11476
Illinois,17167,Sangamon,0.5125,0.469,0.0186,100106
Illinois,17169,Schuyler,0.4949,0.4775,0.0276,3839
Illinois,17171,Scott,0.4181,0.5581,0.0238,2607
Illinois,17173,Shelby,0.3894,0.5867,0.0239,10902
Illinois,17175,Stark,0.4649,0.5183,0.0168,2919
Illinois,17177,Stephenson,0.524,0.4575,0.0184,21657
Illinois,17179,Tazewell,0.4587,0.519,0.0223,64060
Illinois,17181,Union,0.428,0.5465,0.0255,9154
Illinois,17183,Vermilion,0.4921,0.4862,0.0217,33016
Illinois,17185,Wabash,0.4249,0.5616,0.0135,5794
Illinois,17187,Warren,0.5317,0.4512,0.0171,8061
Illinois,17189,Washington,0.4213,0.5639,0.0148,7932
Illinois,17191,Wayne,0.3156,0.6678,0.0166,8071
Illinois,17193,White,0.4448,0.535,0.0203,7453
Illinois,17195,Whiteside,0.5782,0.4032,0.0187,26994
Illinois,17197,Will,0.5586,0.4269,0.0145,287181
Illinois,17199,Williamson,0.4159,0.563,0.0211,30266
Illinois,17201,Winnebago,0.5527,0.4253,0.022,126704
Illinois,17203,Woodford,0.3582,0.6239,0.0179,19540
Indiana,18001,Adams,0.364,0.6207,0.0153,13539
Indiana,18003,Allen,0.4734,0.5167,0.0099,150547
Indiana,18005,Bartholomew,0.4364,0.549,0.0146,31089
Indiana,18007,Benton,0.4095,0.5719,0.0186,3817
Indiana,18009,Blackford,0.4912,0.4936,0.0152,5450
Indiana,18011,Boone,0.3654,0.6227,0.0119,26692
Indiana,18013,Brown,0.4785,0.504,0.0175,8055
Indiana,18015,Carroll,0.4277,0.5561,0.0163,8736
Indiana,18017,Cass,0.4479,0.5332,0.0189,15653
Indiana,18019,Clark,0.4585,0.5289,0.0126,47884
Indiana,18021,Clay,0.4348,0.55,0.0153,11395
Indiana,18023,Clinton,0.4279,0.5579,0.0141,12401
Indiana,18025,Crawford,0.4819,0.5044,0.0137,4744
Indiana,18027,Daviess,0.3183,0.6705,0.0111,10586
Indiana,18029,Dearborn,0.3206,0.67,0.0094,22217
Indiana,18031,Decatur,0.3706,0.614,0.0154,10503
Indiana,18033,DeKalb,0.4178,0.5695,0.0128,17174
Indiana,18035,Delaware,0.568,0.4185,0.0135,49976
Indiana,18037,Dubois,0.4705,0.5123,0.0172,18593
Indiana,18039,Elkhart,0.4383,0.55,0.0117,71634
Indiana,18041,Fayette,0.463,0.5187,0.0183,9479
Indiana,18043,Floyd,0.4435,0.5443,0.0122,36667
Indiana,18045,Fountain,0.4166,0.5599,0.0234,7426
Indiana,18047,Franklin,0.3199,0.6595,0.0207,10642
Indiana,18049,Fulton,0.4111,0.5715,0.0174,9006
Indiana,18051,Gibson,0.4257,0.5572,0.0171,15164
Indiana,18053,Grant,0.4287,0.5593,0.012,26344
Indiana,18055,Greene,0.4182,0.5634,0.0183,13650
Indiana,18057,Hamilton,0.3845,0.6064,0.0091,129279
Indiana,18059,Hancock,0.3467,0.6425,0.0108,34253
Indiana,18061,Harrison,0.401,0.5806,0.0184,18174
Indiana,18063,Hendricks,0.3773,0.6107,0.012,65054
Indiana,18065,Henry,0.4718,0.5111,0.0171,21319
Indiana,18067,Howard,0.4602,0.5214,0.0184,38833
Indiana,18069,Huntington,0.3572,0.6291,0.0136,16357
Indiana,18071,Jackson,0.4217,0.5577,0.0206,17440
Indiana,18073,Jasper,0.3906,0.5939,0.0155,12913
Indiana,18075,Jay,0.4503,0.5288,0.0209,8323
Indiana,18077,Jefferson,0.463,0.5221,0.015,13510
Indiana,18079,Jennings,0.4487,0.5288,0.0225,11839
Indiana,18081,Johnson,0.3666,0.6207,0.0127,58786
Indiana,18083,Knox,0.4608,0.526,0.0132,16424
Indiana,18085,Kosciusko,0.306,0.6787,0.0153,30185
Indiana,18087,LaGrange,0.3842,0.598,0.0178,9535
Indiana,18089,Lake,0.6664,0.3241,0.0095,209039
Indiana,18091,LaPorte,0.601,0.3811,0.0179,47018
Indiana,18093,Lawrence,0.3889,0.5945,0.0166,18534
Indiana,18095,Madison,0.5249,0.4596,0.0155,57444
Indiana,18097,Marion,0.6367,0.3534,0.01,380090
Indiana,18099,Marshall,0.4248,0.5603,0.0149,18571
Indiana,18101,Martin,0.348,0.6368,0.0153,4903
Indiana,18103,Miami,0.393,0.5872,0.0198,14156
Indiana,18105,Monroe,0.6539,0.3332,0.0129,63387
Indiana,18107,Montgomery,0.3934,0.5927,0.0139,15285
Indiana,18109,Morgan,0.3585,0.6292,0.0122,28811
Indiana,18111,Newton,0.4336,0.5453,0.0211,6054
Indiana,18113,Noble,0.4154,0.5688,0.0159,17007
Indiana,18115,Ohio,0.3968,0.587,0.0161,2918
Indiana,18117,Orange,0.4181,0.5594,0.0224,8108
Indiana,18119,Owen,0.437,0.5404,0.0226,8170
Indiana,18121,Parke,0.4183,0.5592,0.0225,6990
Indiana,18123,Perry,0.6055,0.3771,0.0173,8490
Indiana,18125,Pike,0.4479,0.5343,0.0178,6028
Indiana,18127,Porter,0.5277,0.456,0.0163,74246
Indiana,18129,Posey,0.4563,0.5328,0.0109,12771
Indiana,18131,Pulaski,0.4135,0.5681,0.0184,5964
Indiana,18133,Putnam,0.4316,0.551,0.0174,14675
Indiana,18135,Randolph,0.4471,0.5348,0.018,10822
Indiana,18137,Ripley,0.3422,0.6371,0.0207,12234
Indiana,18139,Rush,0.4233,0.5598,0.0169,7629
Indiana,18141,St. Joseph,0.5787,0.4085,0.0128,118739
Indiana,18143,Scott,0.478,0.4975,0.0245,8935
Indiana,18145,Shelby,0.3969,0.587,0.016,17602
Indiana,18147,Spencer,0.4942,0.4905,0.0153,10196
Indiana,18149,Starke,0.5041,0.4719,0.0241,9479
Indiana,18151,Steuben,0.4429,0.5409,0.0162,14188
Indiana,18153,Sullivan,0.4878,0.4945,0.0176,8782
Indiana,18155,Switzerland,0.45,0.533,0.017,3640
Indiana,18157,Tippecanoe,0.5505,0.4345,0.0151,68636
Indiana,18159,Tipton,0.4146,0.568,0.0174,7838
Indiana,18161,Union,0.3648,0.6143,0.0209,3355
Indiana,18163,Vanderburgh,0.506,0.4815,0.0126,77913
Indiana,18165,Vermillion,0.561,0.4219,0.0171,7135
Indiana,18167,Vigo,0.5706,0.4129,0.0165,43884
Indiana,18169,Wabash,0.3927,0.593,0.0143,13892
Indiana,18171,Warren,0.439,0.5418,0.0193,3998
Indiana,18173,Warrick,0.4293,0.5575,0.0132,28721
Indiana,18175,Washington,0.4019,0.5743,0.0239,11352
Indiana,18177,Wayne,0.4699,0.5083,0.0218,28641
Indiana,18179,Wells,0.3364,0.6498,0.0138,13088
Indiana,18181,White,0.4478,0.5304,0.0217,10805
Indiana,18183,Whitley,0.3855,0.5999,0.0146,15208
Iowa,19001,Adair,0.4747,0.5083,0.017,4053
Iowa,19003,Adams,0.5068,0.4742,0.019,2206
Iowa,19005,Allamakee,0.5623,0.4199,0.0178,7062
Iowa,19007,Appanoose,0.4807,0.4994,0.0199,6179
Iowa,19009,Audubon,0.5061,0.4756,0.0183,3436
Iowa,19011,Benton,0.5145,0.47,0.0155,13717
Iowa,19013,Black Hawk,0.6048,0.3807,0.0145,64787
Iowa,19015,Boone,0.528,0.4517,0.0202,13931
Iowa,19017,Bremer,0.5392,0.446,0.0148,12872
Iowa,19019,Buchanan,0.585,0.4002,0.0148,10342
Iowa,19021,Buena Vista,0.484,0.5015,0.0145,8420
Iowa,19023,Butler,0.4694,0.5163,0.0142,7166
Iowa,19025,Calhoun,0.4506,0.5276,0.0218,5195
Iowa,19027,Carroll,0.5101,0.4735,0.0165,10395
Iowa,19029,Cass,0.4368,0.5449,0.0184,7352
Iowa,19031,Cedar,0.5402,0.4438,0.016,9665
Iowa,19033,Cerro Gordo,0.5967,0.3883,0.015,24143
Iowa,19035,Cherokee,0.4538,0.5295,0.0166,6368
Iowa,19037,Chickasaw,0.5957,0.3882,0.0161,6586
Iowa,19039,Clarke,0.499,0.4765,0.0245,4445
Iowa,19041,Clay,0.4672,0.5183,0.0145,8402
Iowa,19043,Clayton,0.5779,0.4061,0.016,8990
Iowa,19045,Clinton,0.6075,0.3772,0.0154,24722
