state_name,county_fips,county_name,per_dem,per_gop,per_oth,total_votes
Alabama,1001,Autauga,0.2377,0.7277,0.0346,24973
Alabama,1003,Baldwin,0.1939,0.7655,0.0407,95215
Alabama,1005,Barbour,0.4653,0.521,0.0138,10469
Alabama,1007,Bibb,0.2125,0.764,0.0235,8819
Alabama,1009,Blount,0.0843,0.8933,0.0224,25588
Alabama,1011,Bullock,0.7495,0.242,0.0085,4710
Alabama,1013,Butler,0.4267,0.5613,0.012,8732
Alabama,1015,Calhoun,0.2767,0.6866,0.0367,47864
Alabama,1017,Chambers,0.4161,0.5642,0.0196,13900
Alabama,1019,Cherokee,0.1441,0.8342,0.0217,10733
Alabama,1021,Chilton,0.1585,0.821,0.0205,18369
Alabama,1023,Choctaw,0.4264,0.5631,0.0106,7292
Alabama,1025,Clarke,0.4412,0.5479,0.0109,13031
Alabama,1027,Clay,0.1867,0.7918,0.0214,6624
Alabama,1029,Cleburne,0.1037,0.8743,0.022,6593
Alabama,1031,Coffee,0.2033,0.7644,0.0323,20767
Alabama,1033,Colbert,0.2935,0.6721,0.0344,24915
Alabama,1035,Conecuh,0.4677,0.5194,0.0129,6585
Alabama,1037,Coosa,0.3393,0.6438,0.0169,5252
Alabama,1039,Covington,0.1497,0.8323,0.0179,15940
Alabama,1041,Crenshaw,0.2655,0.7201,0.0144,6267
Alabama,1043,Cullman,0.1003,0.871,0.0287,37873
Alabama,1045,Dale,0.2354,0.7365,0.0282,18749
Alabama,1047,Dallas,0.6831,0.3081,0.0089,18792
Alabama,1049,DeKalb,0.1402,0.8288,0.0309,25826
Alabama,1051,Elmore,0.2266,0.7417,0.0317,37260
Alabama,1053,Escambia,0.3102,0.6692,0.0205,14845
Alabama,1055,Etowah,0.2364,0.7326,0.031,44164
Alabama,1057,Fayette,0.1651,0.8137,0.0212,8249
Alabama,1059,Franklin,0.1825,0.7862,0.0313,12040
Alabama,1061,Geneva,0.1297,0.85,0.0203,11758
Alabama,1063,Greene,0.8223,0.1717,0.0059,4880
Alabama,1065,Hale,0.5939,0.3947,0.0114,8040
Alabama,1067,Henry,0.2839,0.6977,0.0183,8072
Alabama,1069,Houston,0.2501,0.7207,0.0292,42639
Alabama,1071,Jackson,0.175,0.7945,0.0305,20984
Alabama,1073,Jefferson,0.5157,0.443,0.0413,304191
Alabama,1075,Lamar,0.1487,0.8359,0.0154,6966
Alabama,1077,Lauderdale,0.2518,0.7059,0.0424,39525
Alabama,1079,Lawrence,0.2446,0.7305,0.0249,14829
Alabama,1081,Lee,0.3587,0.5848,0.0565,59191
Alabama,1083,Limestone,0.235,0.7214,0.0437,40294
Alabama,1085,Lowndes,0.7306,0.262,0.0075,6684
Alabama,1087,Macon,0.8278,0.1566,0.0156,9140
Alabama,1089,Madison,0.3845,0.5479,0.0676,163389
Alabama,1091,Marengo,0.5107,0.476,0.0133,10994
Alabama,1093,Marion,0.1103,0.8683,0.0214,12984
Alabama,1095,Marshall,0.1392,0.8278,0.033,35316
Alabama,1097,Mobile,0.4179,0.5506,0.0315,172737
Alabama,1099,Monroe,0.4218,0.5642,0.014,10271
Alabama,1101,Montgomery,0.6145,0.3546,0.0309,95878
Alabama,1103,Morgan,0.2222,0.7402,0.0376,50644
Alabama,1105,Perry,0.7245,0.2666,0.0089,5278
Alabama,1107,Pickens,0.4163,0.5718,0.0119,9542
Alabama,1109,Pike,0.384,0.5842,0.0318,13168
Alabama,1111,Randolph,0.2249,0.7564,0.0187,10187
Alabama,1113,Russell,0.4975,0.4783,0.0243,19256
Alabama,1115,St. Clair,0.1455,0.8242,0.0302,38400
Alabama,1117,Shelby,0.2269,0.7212,0.0519,101254
Alabama,1119,Sumter,0.7403,0.2466,0.0131,6411
Alabama,1121,Talladega,0.3628,0.6171,0.0201,33407
Alabama,1123,Tallapoosa,0.2832,0.6976,0.0191,19486
Alabama,1125,Tuscaloosa,0.3841,0.5771,0.0389,82700
Alabama,1127,Walker,0.1526,0.8234,0.0241,29472
Alabama,1129,Washington,0.2782,0.7081,0.0137,8533
Alabama,1131,Wilcox,0.7086,0.2845,0.0069,6123
Alabama,1133,Winston,0.0846,0.8948,0.0207,10313
Alaska,2013,Aleutians East,0.3144,0.5576,0.128,547
Alaska,2016,Aleutians West,0.5706,0.329,0.1005,1225
Alaska,2020,Anchorage,0.4143,0.4689,0.1168,130223
Alaska,2050,Bethel,0.55,0.2231,0.227,4944
Alaska,2060,Bristol Bay,0.2407,0.6402,0.1191,428
Alaska,2068,Denali,0.3549,0.5292,0.1159,1113
Alaska,2070,Dillingham,0.5199,0.3459,0.1342,1908
Alaska,2090,Fairbanks North Star,0.33,0.539,0.131,41180
Alaska,2100,Haines,0.4459,0.4073,0.1468,1655
Alaska,2105,Hoonah-Angoon,0.5262,0.3159,0.1579,1431
Alaska,2110,Juneau,0.5306,0.3456,0.1238,16462
Alaska,2122,Kenai Peninsula,0.261,0.634,0.105,29035
Alaska,2130,Ketchikan Gateway,0.314,0.551,0.135,6337
Alaska,2150,Kodiak Island,0.344,0.5281,0.1279,5817
Alaska,2270,Kusilvak,0.5912,0.1971,0.2117,2055
Alaska,2164,Lake and Peninsula,0.3865,0.3466,0.2669,502
Alaska,2170,Matanuska-Susitna,0.19,0.706,0.104,45251
Alaska,2180,Nome,0.5129,0.2839,0.2032,3293
Alaska,2185,North Slope,0.47,0.3458,0.1841,2319
Alaska,2188,Northwest Arctic,0.533,0.2578,0.2093,2184
Alaska,2195,Petersburg,0.3339,0.537,0.129,1728
Alaska,2198,Prince of Wales-Hyder,0.38,0.4579,0.1621,2863
Alaska,2220,Sitka,0.4771,0.4089,0.1139,4475
Alaska,2230,Skagway,0.5352,0.2765,0.1883,839
Alaska,2240,Southeast Fairbanks,0.1949,0.7112,0.0939,3432
Alaska,2261,Valdez-Cordova,0.2831,0.571,0.1458,4483
Alaska,2275,Wrangell,0.2412,0.6687,0.0902,1132
Alaska,2282,Yakutat,0.4711,0.396,0.133,346
Alaska,2290,Yukon-Koyukuk,0.5707,0.298,0.1313,2728
Arizona,4001,Apache,0.6176,0.2979,0.0845,27661
Arizona,4003,Cochise,0.3489,0.5617,0.0894,50015
Arizona,4005,Coconino,0.542,0.3531,0.1049,59784
Arizona,4007,Gila,0.311,0.6299,0.0591,22515
Arizona,4009,Graham,0.2688,0.6534,0.0778,12281
Arizona,4011,Greenlee,0.3309,0.5733,0.0958,3300
Arizona,4012,La Paz,0.2647,0.6727,0.0627,5951
Arizona,4013,Maricopa,0.4483,0.4767,0.075,1567834
Arizona,4015,Mohave,0.2183,0.729,0.0526,79943
Arizona,4017,Navajo,0.4085,0.5107,0.0809,40294
Arizona,4019,Pima,0.5328,0.3971,0.0701,421640
Arizona,4021,Pinal,0.3697,0.5621,0.0682,129546
Arizona,4023,Santa Cruz,0.7114,0.2371,0.0515,16433
Arizona,4025,Yavapai,0.311,0.6232,0.0658,114450
Arizona,4027,Yuma,0.4642,0.4747,0.0611,53010
Arkansas,5001,Arkansas,0.3121,0.6159,0.072,6212
Arkansas,5003,Ashley,0.2979,0.6604,0.0417,8083
Arkansas,5005,Baxter,0.2109,0.7428,0.0463,19766
Arkansas,5007,Benton,0.2892,0.6287,0.0821,96824
Arkansas,5009,Boone,0.1816,0.7594,0.059,16111
Arkansas,5011,Bradley,0.3605,0.5924,0.0471,3653
Arkansas,5013,Calhoun,0.2816,0.6858,0.0326,2269
Arkansas,5015,Carroll,0.3107,0.6308,0.0586,10758
Arkansas,5017,Chicot,0.5627,0.4109,0.0263,4176
Arkansas,5019,Clark,0.4246,0.5165,0.0589,8526
Arkansas,5021,Clay,0.2306,0.7271,0.0423,5200
Arkansas,5023,Cleburne,0.1739,0.7826,0.0435,12085
Arkansas,5025,Cleveland,0.2156,0.734,0.0504,3354
Arkansas,5027,Columbia,0.3533,0.6139,0.0327,8887
Arkansas,5029,Conway,0.3351,0.6117,0.0532,7927
Arkansas,5031,Craighead,0.2962,0.6435,0.0602,35573
Arkansas,5033,Crawford,0.1999,0.7433,0.0568,22450
Arkansas,5035,Crittenden,0.5272,0.4366,0.0362,15952
Arkansas,5037,Cross,0.2908,0.6669,0.0423,6874
Arkansas,5039,Dallas,0.4204,0.5446,0.035,2771
Arkansas,5041,Desha,0.5234,0.4508,0.0258,4257
Arkansas,5043,Drew,0.3586,0.6017,0.0397,6595
Arkansas,5045,Faulkner,0.3078,0.6175,0.0747,47527
Arkansas,5047,Franklin,0.2032,0.7443,0.0524,6770
Arkansas,5049,Fulton,0.2236,0.7274,0.049,4772
Arkansas,5051,Garland,0.3017,0.6393,0.059,40805
Arkansas,5053,Grant,0.1844,0.769,0.0466,7445
Arkansas,5055,Greene,0.2103,0.7342,0.0554,14600
Arkansas,5057,Hempstead,0.3372,0.6243,0.0384,7049
Arkansas,5059,Hot Spring,0.2636,0.6842,0.0522,11944
Arkansas,5061,Howard,0.289,0.6754,0.0355,4674
Arkansas,5063,Independence,0.2116,0.7298,0.0585,13614
Arkansas,5065,Izard,0.2043,0.7419,0.0538,5448
Arkansas,5067,Jackson,0.307,0.6336,0.0593,5156
Arkansas,5069,Jefferson,0.6091,0.3572,0.0337,25894
Arkansas,5071,Johnson,0.2664,0.6685,0.0652,9112
Arkansas,5073,Lafayette,0.3608,0.6147,0.0245,2860
Arkansas,5075,Lawrence,0.2222,0.7149,0.063,5685
Arkansas,5077,Lee,0.5734,0.4061,0.0205,3026
Arkansas,5079,Lincoln,0.3272,0.6417,0.0311,3826
Arkansas,5081,Little River,0.2673,0.6897,0.043,5227
Arkansas,5083,Logan,0.2165,0.7254,0.0581,7921
Arkansas,5085,Lonoke,0.209,0.7365,0.0545,27100
Arkansas,5087,Madison,0.2321,0.7204,0.0475,6841
Arkansas,5089,Marion,0.2018,0.7508,0.0474,7107
Arkansas,5091,Miller,0.2656,0.7019,0.0326,16091
Arkansas,5093,Mississippi,0.4294,0.5348,0.0358,13204
Arkansas,5095,Monroe,0.4549,0.5163,0.0288,2884
Arkansas,5097,Montgomery,0.2102,0.7426,0.0472,3559
Arkansas,5099,Nevada,0.3564,0.6161,0.0274,3246
Arkansas,5101,Newton,0.1863,0.7661,0.0477,3753
Arkansas,5103,Ouachita,0.4349,0.5386,0.0265,9935
Arkansas,5105,Perry,0.2436,0.6986,0.0578,4306
Arkansas,5107,Phillips,0.6199,0.3518,0.0283,6953
Arkansas,5109,Pike,0.1721,0.7913,0.0367,3981
Arkansas,5111,Poinsett,0.2435,0.7125,0.044,7722
Arkansas,5113,Polk,0.1472,0.804,0.0487,8231
Arkansas,5115,Pope,0.2215,0.7203,0.0582,22569
Arkansas,5117,Prairie,0.2364,0.7274,0.0363,3444
Arkansas,5119,Pulaski,0.5606,0.3834,0.056,159776
Arkansas,5121,Randolph,0.2234,0.7069,0.0698,6379
Arkansas,5123,St. Francis,0.5425,0.43,0.0275,7430
Arkansas,5125,Saline,0.2544,0.6883,0.0572,52100
Arkansas,5127,Scott,0.1715,0.7781,0.0504,3510
Arkansas,5129,Searcy,0.1612,0.7927,0.0461,3728
Arkansas,5131,Sebastian,0.2756,0.6525,0.0719,44637
Arkansas,5133,Sevier,0.2356,0.7194,0.0449,4562
Arkansas,5135,Sharp,0.2031,0.7459,0.051,7249
Arkansas,5137,Stone,0.2141,0.7321,0.0538,5618
Arkansas,5139,Union,0.3466,0.6189,0.0345,16894
Arkansas,5141,Van Buren,0.2111,0.7333,0.0556,7339
Arkansas,5143,Washington,0.4076,0.5067,0.0857,81861
Arkansas,5145,White,0.1846,0.7528,0.0626,27999
Arkansas,5147,Woodruff,0.4349,0.5239,0.0412,2571
Arkansas,5149,Yell,0.2298,0.7156,0.0545,6439
California,6001,Alameda,0.7806,0.1454,0.074,659543
California,6003,Alpine,0.5548,0.3605,0.0847,602
California,6005,Amador,0.3342,0.5837,0.0821,17963
California,6007,Butte,0.4285,0.4654,0.1061,97002
California,6009,Calaveras,0.3376,0.5742,0.0882,23531
California,6011,Colusa,0.3973,0.5302,0.0724,6697
California,6013,Contra Costa,0.675,0.2451,0.0799,473014
California,6015,Del Norte,0.3646,0.5371,0.0982,9558
California,6017,El Dorado,0.3826,0.5176,0.0998,95149
California,6019,Fresno,0.4924,0.4321,0.0755,287062
California,6021,Glenn,0.3237,0.6112,0.0652,9470
California,6023,Humboldt,0.5532,0.3061,0.1407,60014
California,6025,Imperial,0.6793,0.2642,0.0566,48091
California,6027,Inyo,0.3857,0.5194,0.0949,8179
California,6029,Kern,0.4042,0.5307,0.0651,244163
California,6031,Kings,0.3969,0.5273,0.0758,34310
California,6033,Lake,0.4659,0.4295,0.1046,24684
California,6035,Lassen,0.2079,0.7079,0.0842,10699
California,6037,Los Angeles,0.7176,0.2241,0.0583,3434308
California,6039,Madera,0.3914,0.5369,0.0717,43507
California,6041,Marin,0.7727,0.1548,0.0725,140683
California,6043,Mariposa,0.3517,0.5841,0.0642,8877
California,6045,Mendocino,0.5823,0.2872,0.1305,37915
California,6047,Merced,0.5247,0.4039,0.0715,71127
California,6049,Modoc,0.2282,0.7015,0.0703,3843
California,6051,Mono,0.5251,0.3997,0.0752,5281
California,6053,Monterey,0.6678,0.2616,0.0706,133408
California,6055,Napa,0.6387,0.2837,0.0776,61372
California,6057,Nevada,0.4743,0.4253,0.1004,54935
California,6059,Orange,0.5094,0.4235,0.0671,1197521
California,6061,Placer,0.3952,0.5114,0.0934,186024
California,6063,Plumas,0.3512,0.5503,0.0986,9850
California,6065,Riverside,0.4973,0.4435,0.0592,751391
California,6067,Sacramento,0.5798,0.3375,0.0827,562285
California,6069,San Benito,0.566,0.3544,0.0796,22122
California,6071,San Bernardino,0.5212,0.4148,0.0641,653983
California,6073,San Diego,0.5607,0.3643,0.075,1311618
California,6075,San Francisco,0.8447,0.0923,0.0631,408541
California,6077,San Joaquin,0.5336,0.3918,0.0746,227002
California,6079,San Luis Obispo,0.4891,0.4094,0.1015,137202
California,6081,San Mateo,0.7567,0.1843,0.0591,314384
California,6083,Santa Barbara,0.599,0.3151,0.0859,178878
California,6085,Santa Clara,0.7271,0.2058,0.0671,703709
California,6087,Santa Cruz,0.7326,0.1726,0.0948,130012
California,6089,Shasta,0.2752,0.639,0.0857,81024
California,6091,Sierra,0.3235,0.564,0.1125,1858
California,6093,Siskiyou,0.353,0.5534,0.0936,20493
California,6095,Solano,0.6087,0.3088,0.0825,168150
California,6097,Sonoma,0.6877,0.2203,0.092,233303
California,6099,Stanislaus,0.4681,0.4501,0.0818,174406
California,6101,Sutter,0.3866,0.5374,0.076,33824
California,6103,Tehama,0.2848,0.6481,0.0671,23908
California,6105,Trinity,0.3828,0.4862,0.1311,5784
California,6107,Tulare,0.417,0.5109,0.072,114102
California,6109,Tuolumne,0.3523,0.562,0.0857,25893
California,6111,Ventura,0.5459,0.3716,0.0825,356107
California,6113,Yolo,0.667,0.2526,0.0804,82090
California,6115,Yuba,0.3439,0.5727,0.0834,22998
Colorado,8001,Adams,0.4986,0.4135,0.088,193677
Colorado,8003,Alamosa,0.4596,0.439,0.1015,6939
Colorado,8005,Arapahoe,0.5276,0.3863,0.0862,303048
Colorado,8007,Archuleta,0.3406,0.581,0.0783,7339
Colorado,8009,Baca,0.1314,0.8142,0.0543,2153
Colorado,8011,Bent,0.3062,0.6165,0.0773,1927
Colorado,8013,Boulder,0.7034,0.22,0.0766,188145
Colorado,8014,Broomfield,0.5235,0.3812,0.0953,37690
Colorado,8015,Chaffee,0.4345,0.4792,0.0863,11250
Colorado,8017,Cheyenne,0.1198,0.8394,0.0408,1102
Colorado,8019,Clear Creek,0.4652,0.439,0.0958,5866
Colorado,8021,Conejos,0.4403,0.4759,0.0838,4022
Colorado,8023,Costilla,0.6088,0.3182,0.0731,1848
Colorado,8025,Crowley,0.222,0.7066,0.0714,1527
Colorado,8027,Custer,0.2599,0.6722,0.0678,3066
Colorado,8029,Delta,0.2434,0.6942,0.0624,16790
Colorado,8031,Denver,0.7369,0.1889,0.0742,331852
Colorado,8033,Dolores,0.1928,0.7522,0.055,1255
Colorado,8035,Douglas,0.3662,0.5471,0.0868,187500
Colorado,8037,Eagle,0.559,0.3564,0.0846,25223
Colorado,8039,Elbert,0.1961,0.7325,0.0714,15980
Colorado,8041,El Paso,0.3386,0.5619,0.0995,318968
Colorado,8043,Fremont,0.2411,0.6882,0.0707,21973
Colorado,8045,Garfield,0.4258,0.4961,0.0781,26470
Colorado,8047,Gilpin,0.4569,0.4379,0.1051,3576
Colorado,8049,Grand,0.391,0.5233,0.0857,8588
Colorado,8051,Gunnison,0.5448,0.3494,0.1057,9412
Colorado,8053,Hinsdale,0.3345,0.5756,0.09,589
Colorado,8055,Huerfano,0.4317,0.4978,0.0706,3783
Colorado,8057,Jackson,0.1986,0.7305,0.0708,861
Colorado,8059,Jefferson,0.4889,0.4201,0.091,328883
Colorado,8061,Kiowa,0.1064,0.8515,0.0421,855
Colorado,8063,Kit Carson,0.1448,0.8015,0.0538,3702
Colorado,8065,Lake,0.5052,0.397,0.0978,3199
Colorado,8067,La Plata,0.4984,0.4041,0.0975,31150
Colorado,8069,Larimer,0.4751,0.4257,0.0992,195981
Colorado,8071,Las Animas,0.3901,0.5462,0.0637,6793
Colorado,8073,Lincoln,0.1679,0.7767,0.0554,2436
Colorado,8075,Logan,0.1904,0.749,0.0606,9722
Colorado,8077,Mesa,0.2798,0.641,0.0791,77654
Colorado,8079,Mineral,0.3635,0.5276,0.1089,652
Colorado,8081,Moffat,0.1339,0.813,0.053,6525
Colorado,8083,Montezuma,0.309,0.6107,0.0803,12858
Colorado,8085,Montrose,0.258,0.6788,0.0632,21186
Colorado,8087,Morgan,0.2635,0.681,0.0555,11960
Colorado,8089,Otero,0.3482,0.5831,0.0687,8452
Colorado,8091,Ouray,0.5127,0.4082,0.0792,3310
Colorado,8093,Park,0.3284,0.5889,0.0827,10417
Colorado,8095,Phillips,0.187,0.768,0.045,2332
Colorado,8097,Pitkin,0.6969,0.2423,0.0608,10523
Colorado,8099,Prowers,0.2364,0.7039,0.0596,5016
Colorado,8101,Pueblo,0.4562,0.4611,0.0827,78646
Colorado,8103,Rio Blanco,0.1264,0.809,0.0646,3450
Colorado,8105,Rio Grande,0.3616,0.5575,0.081,5534
Colorado,8107,Routt,0.5434,0.3739,0.0827,13986
Colorado,8109,Saguache,0.4998,0.4046,0.0956,2835
Colorado,8111,San Juan,0.5237,0.4249,0.0514,506
Colorado,8113,San Miguel,0.6872,0.2386,0.0742,4329
Colorado,8115,Sedgwick,0.1957,0.7441,0.0601,1364
Colorado,8117,Summit,0.5909,0.3153,0.0938,16174
Colorado,8119,Teller,0.2494,0.6747,0.0759,14444
Colorado,8121,Washington,0.1083,0.8412,0.0505,2733
Colorado,8123,Weld,0.3435,0.566,0.0905,135430
Colorado,8125,Yuma,0.1515,0.8036,0.0449,4791
Connecticut,9001,Fairfield,0.5789,0.38,0.041,421209
Connecticut,9003,Hartford,0.5909,0.3642,0.0449,406864
Connecticut,9005,Litchfield,0.4082,0.5444,0.0474,97442
Connecticut,9007,Middlesex,0.5118,0.4386,0.0496,88624
Connecticut,9009,New Haven,0.5425,0.4196,0.0379,379006
Connecticut,9011,New London,0.5042,0.4376,0.0582,123528
Connecticut,9013,Tolland,0.4973,0.4416,0.061,77424
Connecticut,9015,Windham,0.4288,0.5066,0.0646,50823
Delaware,10001,Kent,0.4463,0.495,0.0587,74729
Delaware,10003,New Castle,0.6195,0.3252,0.0553,262979
Delaware,10005,Sussex,0.3707,0.5901,0.0392,106106
District of Columbia,11001,District of Columbia,0.9086,0.0409,0.0505,311268
Florida,12001,Alachua,0.5828,0.36,0.0572,130100
Florida,12003,Baker,0.1662,0.8102,0.0235,12705
Florida,12005,Bay,0.2471,0.705,0.048,88222
Florida,12007,Bradford,0.2405,0.7331,0.0264,12158
Florida,12009,Brevard,0.3762,0.5716,0.0522,318141
Florida,12011,Broward,0.6608,0.3116,0.0276,837388
Florida,12013,Calhoun,0.2025,0.7596,0.0379,6128
Florida,12015,Charlotte,0.3441,0.6196,0.0363,97187
Florida,12017,Citrus,0.2834,0.6772,0.0394,80412
Florida,12019,Clay,0.2593,0.6985,0.0422,107317
Florida,12021,Collier,0.3541,0.6111,0.0348,172510
Florida,12023,Columbia,0.2633,0.7057,0.031,28864
Florida,12027,DeSoto,0.3468,0.6217,0.0316,10903
Florida,12029,Dixie,0.1753,0.8035,0.0213,7246
Florida,12031,Duval,0.4712,0.4848,0.044,436573
Florida,12033,Escambia,0.3727,0.576,0.0513,154172
Florida,12035,Flagler,0.3798,0.5838,0.0364,57987
Florida,12037,Franklin,0.2878,0.6808,0.0314,6059
Florida,12039,Gadsden,0.6762,0.3029,0.021,22214
Florida,12041,Gilchrist,0.1721,0.7956,0.0323,8472
Florida,12043,Glades,0.2901,0.6837,0.0262,4382
Florida,12045,Gulf,0.2346,0.7269,0.0385,7331
Florida,12047,Hamilton,0.3467,0.627,0.0262,5491
Florida,12049,Hardee,0.2811,0.6857,0.0332,7645
Florida,12051,Hendry,0.4127,0.554,0.0333,11182
Florida,12053,Hernando,0.3359,0.623,0.0411,94651
Florida,12055,Highlands,0.3246,0.6426,0.0328,46011
Florida,12057,Hillsborough,0.5099,0.4419,0.0482,603890
Florida,12059,Holmes,0.0997,0.8746,0.0257,8556
Florida,12061,Indian River,0.3596,0.602,0.0385,80769
Florida,12063,Jackson,0.3023,0.6738,0.0239,21159
Florida,12065,Jefferson,0.4605,0.5111,0.0284,7689
Florida,12067,Lafayette,0.1519,0.8235,0.0246,3411
Florida,12069,Lake,0.3658,0.5948,0.0394,171799
Florida,12071,Lee,0.379,0.5812,0.0397,329554
Florida,12073,Leon,0.5983,0.3498,0.0519,153881
Florida,12075,Levy,0.2616,0.7064,0.032,19499
Florida,12077,Liberty,0.1966,0.7678,0.0356,3312
Florida,12079,Madison,0.4129,0.568,0.0191,8540
Florida,12081,Manatee,0.394,0.564,0.042,180757
Florida,12083,Marion,0.3527,0.613,0.0343,175900
Florida,12085,Martin,0.3484,0.6141,0.0374,86633
Florida,12086,Miami-Dade,0.6322,0.3383,0.0294,987191
Florida,12087,Monroe,0.4414,0.5097,0.0489,42977
Florida,12089,Nassau,0.2313,0.7292,0.0395,46992
Florida,12091,Okaloosa,0.2329,0.7042,0.0629,102096
Florida,12093,Okeechobee,0.2877,0.6799,0.0324,13761
Florida,12095,Orange,0.5977,0.3537,0.0485,551902
Florida,12097,Osceola,0.6041,0.3556,0.0404,141468
Florida,12099,Palm Beach,0.5624,0.4089,0.0287,666212
Florida,12101,Pasco,0.3706,0.5841,0.0453,243265
Florida,12103,Pinellas,0.4698,0.4808,0.0494,497485
Florida,12105,Polk,0.4092,0.5486,0.0422,286969
Florida,12107,Putnam,0.3031,0.6648,0.0321,33301
Florida,12109,St. Johns,0.3127,0.6434,0.044,137846
Florida,12111,St. Lucie,0.471,0.495,0.034,141993
Florida,12113,Santa Rosa,0.2082,0.7368,0.055,88684
Florida,12115,Sarasota,0.423,0.5379,0.0391,231353
Florida,12117,Seminole,0.4655,0.481,0.0535,227526
Florida,12119,Sumter,0.2931,0.6827,0.0242,77238
Florida,12121,Suwannee,0.211,0.7605,0.0285,18787
Florida,12123,Taylor,0.2302,0.7413,0.0285,9348
Florida,12125,Union,0.1772,0.7983,0.0245,5722
Florida,12127,Volusia,0.4144,0.5432,0.0425,263278
Florida,12129,Wakulla,0.2815,0.6807,0.0378,15444
Florida,12131,Walton,0.2028,0.7598,0.0373,33898
Florida,12133,Washington,0.2019,0.7704,0.0277,11211
Georgia,13001,Appling,0.2045,0.7835,0.012,7012
Georgia,13003,Atkinson,0.267,0.7195,0.0134,2610
Georgia,13005,Bacon,0.1509,0.8349,0.0141,4029
Georgia,13007,Baker,0.4514,0.5382,0.0104,1440
Georgia,13009,Baldwin,0.4945,0.4776,0.0279,16116
Georgia,13011,Banks,0.0981,0.8794,0.0225,6975
Georgia,13013,Barrow,0.2255,0.7235,0.0509,29174
Georgia,13015,Bartow,0.2067,0.7528,0.0405,39733
Georgia,13017,Ben Hill,0.3539,0.6299,0.0162,5936
Georgia,13019,Berrien,0.1583,0.8199,0.0218,6613
Georgia,13021,Bibb,0.585,0.3824,0.0326,62880
Georgia,13023,Bleckley,0.2214,0.7477,0.031,4974
Georgia,13025,Brantley,0.0982,0.8835,0.0183,6301
Georgia,13027,Brooks,0.399,0.5841,0.0169,6336
Georgia,13029,Bryan,0.2629,0.6895,0.0477,15271
Georgia,13031,Bulloch,0.362,0.5901,0.048,25585
Georgia,13033,Burke,0.5028,0.4773,0.02,9410
Georgia,13035,Butts,0.2697,0.706,0.0243,9514
Georgia,13037,Calhoun,0.5822,0.4099,0.0079,2025
Georgia,13039,Camden,0.311,0.6456,0.0435,19069
Georgia,13043,Candler,0.2727,0.7079,0.0194,3763
Georgia,13045,Carroll,0.2803,0.6754,0.0442,44459
Georgia,13047,Catoosa,0.1771,0.7749,0.048,26940
Georgia,13049,Charlton,0.2491,0.7321,0.0189,4031
Georgia,13051,Chatham,0.551,0.4041,0.0449,113051
Georgia,13053,Chattahoochee,0.4273,0.5403,0.0324,1390
Georgia,13055,Chattooga,0.1955,0.7831,0.0214,8252
Georgia,13057,Cherokee,0.2237,0.7151,0.0612,112784
Georgia,13059,Clarke,0.651,0.2796,0.0694,45476
Georgia,13061,Clay,0.5475,0.4446,0.0079,1273
Georgia,13063,Clayton,0.8359,0.1351,0.029,93580
Georgia,13065,Clinch,0.2784,0.7009,0.0207,2464
Georgia,13067,Cobb,0.4793,0.4577,0.0629,334058
Georgia,13069,Coffee,0.2925,0.685,0.0226,13998
Georgia,13071,Colquitt,0.2542,0.7265,0.0193,13624
Georgia,13073,Columbia,0.2896,0.6607,0.0496,65207
Georgia,13075,Cook,0.2883,0.6868,0.0248,6080
Georgia,13077,Coweta,0.2666,0.6837,0.0497,62210
Georgia,13079,Crawford,0.2745,0.7023,0.0232,5176
Georgia,13081,Crisp,0.3758,0.6026,0.0216,7549
Georgia,13083,Dade,0.1517,0.7941,0.0542,6361
Georgia,13085,Dawson,0.1225,0.8376,0.0399,11820
Georgia,13087,Decatur,0.3997,0.5835,0.0168,10317
Georgia,13089,DeKalb,0.7908,0.1619,0.0472,317849
Georgia,13091,Dodge,0.2624,0.7164,0.0213,7009
Georgia,13093,Dooly,0.4851,0.5056,0.0093,3859
Georgia,13095,Dougherty,0.6796,0.2983,0.0222,34303
Georgia,13097,Douglas,0.5334,0.427,0.0396,58123
Georgia,13099,Early,0.4514,0.5313,0.0173,4803
Georgia,13101,Echols,0.132,0.8519,0.0161,1182
Georgia,13103,Effingham,0.2056,0.7573,0.0371,23603
Georgia,13105,Elbert,0.3163,0.6593,0.0244,8027
Georgia,13107,Emanuel,0.3084,0.6757,0.016,7896
Georgia,13109,Evans,0.3115,0.6626,0.0259,3628
Georgia,13111,Fannin,0.1619,0.811,0.027,11876
Georgia,13113,Fayette,0.3785,0.5698,0.0517,61511
Georgia,13115,Floyd,0.2627,0.6917,0.0455,34860
Georgia,13117,Forsyth,0.2371,0.7058,0.0571,98964
Georgia,13119,Franklin,0.1454,0.825,0.0296,8550
Georgia,13121,Fulton,0.677,0.2685,0.0545,438751
Georgia,13123,Gilmer,0.1529,0.8155,0.0316,12848
Georgia,13125,Glascock,0.0993,0.8885,0.0122,1390
Georgia,13127,Glynn,0.3419,0.6247,0.0334,34437
Georgia,13129,Gordon,0.1669,0.7969,0.0362,19062
Georgia,13131,Grady,0.3252,0.6533,0.0215,9265
Georgia,13133,Greene,0.3587,0.6155,0.0258,8919
Georgia,13135,Gwinnett,0.502,0.4441,0.0538,330950
Georgia,13137,Habersham,0.152,0.8076,0.0404,16333
Georgia,13139,Hall,0.2274,0.7272,0.0454,71142
Georgia,13141,Hancock,0.7528,0.2349,0.0123,3588
Georgia,13143,Haralson,0.1289,0.8379,0.0331,11439
Georgia,13145,Harris,0.2476,0.7233,0.0291,16502
Georgia,13147,Hart,0.2544,0.7171,0.0285,10161
Georgia,13149,Heard,0.1751,0.7941,0.0309,4244
Georgia,13151,Henry,0.5038,0.4602,0.0361,99367
Georgia,13153,Houston,0.3734,0.5865,0.0401,60406
Georgia,13155,Irwin,0.2428,0.7401,0.0172,3670
Georgia,13157,Jackson,0.1638,0.7944,0.0419,27423
Georgia,13159,Jasper,0.2545,0.7186,0.0269,6067
Georgia,13161,Jeff Davis,0.176,0.8017,0.0223,5119
Georgia,13163,Jefferson,0.5477,0.4391,0.0132,6976
Georgia,13165,Jenkins,0.3675,0.6201,0.0124,3056
Georgia,13167,Johnson,0.3082,0.6834,0.0084,3686
Georgia,13169,Jones,0.3147,0.6598,0.0255,12587
Georgia,13171,Lamar,0.2968,0.6787,0.0245,7647
Georgia,13173,Lanier,0.2807,0.691,0.0282,2871
Georgia,13175,Laurens,0.3446,0.6333,0.0221,19596
Georgia,13177,Lee,0.2225,0.7473,0.0302,14246
Georgia,13179,Liberty,0.587,0.3768,0.0362,16279
Georgia,13181,Lincoln,0.3103,0.6726,0.0171,4102
Georgia,13183,Long,0.3303,0.6378,0.0318,4117
Georgia,13185,Lowndes,0.3958,0.5684,0.0358,38063
Georgia,13187,Lumpkin,0.1774,0.7685,0.0542,12517
Georgia,13189,McDuffie,0.3968,0.5827,0.0205,9322
Georgia,13191,McIntosh,0.3879,0.5873,0.0248,5937
Georgia,13193,Macon,0.631,0.3592,0.0098,4287
Georgia,13195,Madison,0.2007,0.7616,0.0377,12081
Georgia,13197,Marion,0.3803,0.6022,0.0176,3190
Georgia,13199,Meriwether,0.4113,0.5647,0.024,9248
Georgia,13201,Miller,0.2449,0.7433,0.0118,2544
Georgia,13205,Mitchell,0.4433,0.543,0.0137,7880
Georgia,13207,Monroe,0.2815,0.6961,0.0224,12687
Georgia,13209,Montgomery,0.2369,0.7466,0.0165,3576
Georgia,13211,Morgan,0.2793,0.6878,0.0329,9536
Georgia,13213,Murray,0.1439,0.8267,0.0294,12509
Georgia,13215,Muscogee,0.5732,0.388,0.0388,69525
Georgia,13217,Newton,0.496,0.4727,0.0312,44238
Georgia,13219,Oconee,0.2742,0.6596,0.0662,20353
Georgia,13221,Oglethorpe,0.2743,0.693,0.0327,6674
Georgia,13223,Paulding,0.2753,0.6821,0.0427,65480
Georgia,13225,Peach,0.4718,0.5008,0.0274,10809
Georgia,13227,Pickens,0.1402,0.8251,0.0347,14120
Georgia,13229,Pierce,0.1235,0.862,0.0145,7311
Georgia,13231,Pike,0.1415,0.8303,0.0283,8766
Georgia,13233,Polk,0.2008,0.7716,0.0276,14275
Georgia,13235,Pulaski,0.3062,0.676,0.0178,3605
Georgia,13237,Putnam,0.2895,0.6868,0.0237,9528
Georgia,13239,Quitman,0.4416,0.5508,0.0077,1044
Georgia,13241,Rabun,0.1794,0.7812,0.0394,8048
Georgia,13243,Randolph,0.5512,0.4384,0.0103,2899
Georgia,13245,Richmond,0.6421,0.3217,0.0362,76025
Georgia,13247,Rockdale,0.6106,0.3539,0.0356,38087
Georgia,13249,Schley,0.2085,0.7655,0.026,1923
Georgia,13251,Screven,0.4024,0.5783,0.0192,5715
Georgia,13253,Seminole,0.3314,0.6536,0.0151,3588
Georgia,13255,Spalding,0.3623,0.6058,0.0319,25826
Georgia,13257,Stephens,0.1872,0.7831,0.0298,9815
Georgia,13259,Stewart,0.5938,0.3912,0.0151,2058
Georgia,13261,Sumter,0.4997,0.4776,0.0227,11047
Georgia,13263,Talbot,0.6139,0.3668,0.0193,3261
Georgia,13265,Taliaferro,0.6076,0.3891,0.0033,897
Georgia,13267,Tattnall,0.2426,0.7354,0.0221,6930
Georgia,13269,Taylor,0.3803,0.6056,0.0141,3408
Georgia,13271,Telfair,0.3459,0.6454,0.0087,3796
Georgia,13273,Terrell,0.5392,0.4458,0.015,4204
Georgia,13275,Thomas,0.3782,0.5945,0.0273,18885
Georgia,13277,Tift,0.3045,0.6713,0.0242,14276
Georgia,13279,Toombs,0.2559,0.7239,0.0202,9138
Georgia,13281,Towns,0.1779,0.7916,0.0304,6800
Georgia,13283,Treutlen,0.3189,0.6693,0.0118,2703
Georgia,13285,Troup,0.372,0.6032,0.0248,26111
Georgia,13287,Turner,0.3659,0.6153,0.0188,3405
Georgia,13289,Twiggs,0.4856,0.5014,0.0131,4059
Georgia,13291,Union,0.1627,0.8167,0.0206,12063
Georgia,13293,Upson,0.3178,0.6669,0.0153,10934
Georgia,13295,Walker,0.1729,0.7773,0.0498,24379
Georgia,13297,Walton,0.2029,0.7618,0.0353,40858
Georgia,13299,Ware,0.2823,0.6987,0.019,12184
Georgia,13301,Warren,0.563,0.4246,0.0124,2334
Georgia,13303,Washington,0.495,0.489,0.016,8485
Georgia,13305,Wayne,0.1955,0.7809,0.0236,10440
Georgia,13307,Webster,0.4238,0.5645,0.0116,1116
Georgia,13309,Wheeler,0.3073,0.676,0.0167,2102
Georgia,13311,White,0.1405,0.8194,0.04,11912
Georgia,13313,Whitfield,0.2579,0.6998,0.0423,30776
Georgia,13315,Wilcox,0.2863,0.7043,0.0094,2976
Georgia,13317,Wilkes,0.4119,0.5733,0.0147,4486
Georgia,13319,Wilkinson,0.4408,0.5429,0.0163,4297
Georgia,13321,Worth,0.2428,0.7395,0.0177,8319
Hawaii,15001,Hawaii,0.6361,0.2698,0.0941,64867
Hawaii,15003,Honolulu,0.6148,0.3161,0.0692,285790
Hawaii,15007,Kauai,0.6249,0.2876,0.0875,26335
Hawaii,15009,Maui,0.6445,0.2589,0.0966,51945
Idaho,16001,Ada,0.3868,0.4791,0.1341,195669
Idaho,16003,Adams,0.1901,0.7128,0.0971,2183
Idaho,16005,Bannock,0.3095,0.5141,0.1764,33416
Idaho,16007,Bear Lake,0.0871,0.7524,0.1605,2928
Idaho,16009,Benewah,0.184,0.7415,0.0746,4185
Idaho,16011,Bingham,0.1759,0.6561,0.1681,16625
Idaho,16013,Blaine,0.5983,0.3115,0.0903,10724
Idaho,16015,Boise,0.2037,0.7008,0.0954,3814
Idaho,16017,Bonner,0.2778,0.6371,0.085,20943
Idaho,16019,Bonneville,0.2019,0.6038,0.1943,44221
Idaho,16021,Boundary,0.1807,0.7339,0.0854,5163
Idaho,16023,Butte,0.1301,0.7431,0.1268,1230
Idaho,16025,Camas,0.1864,0.6949,0.1186,590
Idaho,16027,Canyon,0.232,0.6488,0.1193,72785
Idaho,16029,Caribou,0.0893,0.7496,0.1611,3035
Idaho,16031,Cassia,0.1267,0.7274,0.1459,8178
Idaho,16033,Clark,0.1555,0.7173,0.1272,283
Idaho,16035,Clearwater,0.1852,0.7503,0.0645,3801
Idaho,16037,Custer,0.1769,0.7361,0.087,2414
Idaho,16039,Elmore,0.2129,0.6825,0.1047,8522
Idaho,16041,Franklin,0.07,0.7094,0.2206,5499
Idaho,16043,Fremont,0.1139,0.7157,0.1704,5715
Idaho,16045,Gem,0.1545,0.7518,0.0937,7954
Idaho,16047,Gooding,0.1792,0.7211,0.0998,5191
Idaho,16049,Idaho,0.1453,0.7823,0.0724,8233
Idaho,16051,Jefferson,0.0851,0.7352,0.1798,11475
Idaho,16053,Jerome,0.1969,0.6879,0.1152,6751
Idaho,16055,Kootenai,0.2453,0.6703,0.0844,66310
Idaho,16057,Latah,0.4453,0.3998,0.1549,18173
Idaho,16059,Lemhi,0.179,0.7351,0.0859,4096
Idaho,16061,Lewis,0.1698,0.756,0.0742,1590
Idaho,16063,Lincoln,0.2059,0.6773,0.1167,1748
Idaho,16065,Madison,0.0766,0.5699,0.3535,15688
Idaho,16067,Minidoka,0.1698,0.7113,0.1189,6871
Idaho,16069,Nez Perce,0.2807,0.622,0.0973,17201
Idaho,16071,Oneida,0.089,0.7403,0.1707,2068
Idaho,16073,Owyhee,0.1506,0.7776,0.0718,3925
Idaho,16075,Payette,0.1731,0.7455,0.0813,8704
Idaho,16077,Power,0.2534,0.6041,0.1425,2758
Idaho,16079,Shoshone,0.2703,0.6439,0.0857,5120
Idaho,16081,Teton,0.4339,0.4355,0.1306,4976
Idaho,16083,Twin Falls,0.2086,0.6637,0.1276,29874
Idaho,16085,Valley,0.3576,0.5433,0.0991,5349
Idaho,16087,Washington,0.1742,0.7369,0.0889,4455
Illinois,17001,Adams,0.2376,0.7054,0.0571,32310
Illinois,17003,Alexander,0.4475,0.5305,0.022,2820
Illinois,17005,Bond,0.2732,0.6457,0.0811,7570
Illinois,17007,Boone,0.3907,0.534,0.0753,23001
Illinois,17009,Brown,0.2001,0.7549,0.045,2379
Illinois,17011,Bureau,0.3638,0.5601,0.0761,16571
Illinois,17013,Calhoun,0.2874,0.6694,0.0432,2571
Illinois,17015,Carroll,0.3287,0.5956,0.0758,7445
Illinois,17017,Cass,0.3164,0.6276,0.056,5124
Illinois,17019,Champaign,0.5472,0.3642,0.0887,91628
Illinois,17021,Christian,0.2579,0.6812,0.0609,15477
Illinois,17023,Clark,0.2368,0.7091,0.0541,7928
Illinois,17025,Clay,0.1606,0.7907,0.0487,6350
Illinois,17027,Clinton,0.2265,0.7126,0.061,17419
Illinois,17029,Coles,0.3335,0.5933,0.0733,21918
Illinois,17031,Cook,0.7393,0.2079,0.0528,2180344
Illinois,17033,Crawford,0.2279,0.7183,0.0538,8739
Illinois,17035,Cumberland,0.1851,0.755,0.06,5571
Illinois,17037,DeKalb,0.4694,0.4379,0.0927,43600
Illinois,17039,De Witt,0.2528,0.6719,0.0753,7556
Illinois,17041,Douglas,0.2378,0.6953,0.0669,8195
Illinois,17043,DuPage,0.5308,0.3864,0.0827,430674
Illinois,17045,Edgar,0.227,0.7146,0.0584,7899
Illinois,17047,Edwards,0.1306,0.8357,0.0337,3324
Illinois,17049,Effingham,0.1751,0.7743,0.0506,17609
Illinois,17051,Fayette,0.1897,0.7686,0.0417,9591
Illinois,17053,Ford,0.2211,0.7004,0.0785,6396
Illinois,17055,Franklin,0.2526,0.701,0.0464,18711
Illinois,17057,Fulton,0.3882,0.5376,0.0742,15797
Illinois,17059,Gallatin,0.2427,0.7174,0.0399,2707
Illinois,17061,Greene,0.2158,0.7422,0.0421,5585
Illinois,17063,Grundy,0.3471,0.579,0.0739,23237
Illinois,17065,Hamilton,0.193,0.7714,0.0356,4156
Illinois,17067,Hancock,0.2345,0.705,0.0605,9121
Illinois,17069,Hardin,0.1955,0.7696,0.0349,2148
Illinois,17071,Henderson,0.3283,0.6126,0.0591,3518
Illinois,17073,Henry,0.36,0.5675,0.0725,24643
Illinois,17075,Iroquois,0.1911,0.7442,0.0647,13102
Illinois,17077,Jackson,0.4726,0.4405,0.0869,24617
Illinois,17079,Jasper,0.1808,0.7776,0.0417,5112
Illinois,17081,Jefferson,0.2603,0.688,0.0517,16999
Illinois,17083,Jersey,0.2437,0.7049,0.0513,10991
Illinois,17085,Jo Daviess,0.3937,0.5401,0.0663,11334
Illinois,17087,Johnson,0.1876,0.7635,0.0489,6089
Illinois,17089,Kane,0.5191,0.4143,0.0665,199687
Illinois,17091,Kankakee,0.401,0.5312,0.0678,47305
Illinois,17093,Kendall,0.4603,0.4618,0.0779,54055
Illinois,17095,Knox,0.4481,0.4771,0.0748,22503
Illinois,17097,Lake,0.5637,0.3616,0.0747,303520
Illinois,17099,LaSalle,0.3929,0.5365,0.0706,49743
Illinois,17101,Lawrence,0.2117,0.7419,0.0464,6094
Illinois,17103,Lee,0.3569,0.556,0.0871,15489
Illinois,17105,Livingston,0.2622,0.6654,0.0724,15342
Illinois,17107,Logan,0.2672,0.6597,0.0731,12401
Illinois,17109,McDonough,0.4023,0.517,0.0807,13144
Illinois,17111,McHenry,0.4224,0.4975,0.08,143930
Illinois,17113,McLean,0.4451,0.4579,0.097,81324
Illinois,17115,Macon,0.3817,0.559,0.0593,48060
Illinois,17117,Macoupin,0.2987,0.6396,0.0616,22391
Illinois,17119,Madison,0.3886,0.5415,0.0699,130179
Illinois,17121,Marion,0.2555,0.6936,0.0509,17098
Illinois,17123,Marshall,0.299,0.6325,0.0685,5984
Illinois,17125,Mason,0.3102,0.625,0.0648,6493
Illinois,17127,Massac,0.2326,0.7236,0.0438,6697
Illinois,17129,Menard,0.2789,0.6494,0.0717,6515
Illinois,17131,Mercer,0.3602,0.5639,0.0759,8525
Illinois,17133,Monroe,0.286,0.6525,0.0615,19354
Illinois,17135,Montgomery,0.27,0.665,0.065,12978
Illinois,17137,Morgan,0.3173,0.6132,0.0695,14800
Illinois,17139,Moultrie,0.2357,0.7091,0.0552,6283
Illinois,17141,Ogle,0.3327,0.5932,0.074,24193
Illinois,17143,Peoria,0.4812,0.4505,0.0684,79102
Illinois,17145,Perry,0.2493,0.6942,0.0564,9874
Illinois,17147,Piatt,0.2919,0.6219,0.0862,9060
Illinois,17149,Pike,0.1876,0.7641,0.0482,7530
Illinois,17151,Pope,0.1751,0.7834,0.0415,2142
Illinois,17153,Pulaski,0.3517,0.6124,0.0358,2735
Illinois,17155,Putnam,0.3686,0.5678,0.0636,3112
Illinois,17157,Randolph,0.2423,0.7061,0.0516,14194
Illinois,17159,Richland,0.2059,0.7459,0.0482,7694
Illinois,17161,Rock Island,0.5047,0.4219,0.0734,63994
Illinois,17163,St. Clair,0.5003,0.4435,0.0562,121436
Illinois,17165,Saline,0.2259,0.727,0.0471,11384
Illinois,17167,Sangamon,0.4158,0.5077,0.0765,98373
Illinois,17169,Schuyler,0.2804,0.6583,0.0613,3834
Illinois,17171,Scott,0.2051,0.7538,0.041,2608
Illinois,17173,Shelby,0.2071,0.7448,0.0481,11049
Illinois,17175,Stark,0.2738,0.6482,0.078,2743
Illinois,17177,Stephenson,0.3819,0.5448,0.0733,20343
Illinois,17179,Tazewell,0.3195,0.5978,0.0828,64751
Illinois,17181,Union,0.2788,0.672,0.0492,8616
Illinois,17183,Vermilion,0.3258,0.6193,0.0549,30818
Illinois,17185,Wabash,0.2107,0.7407,0.0487,5464
Illinois,17187,Warren,0.3826,0.5476,0.0698,7807
Illinois,17189,Washington,0.1947,0.749,0.0563,7438
Illinois,17191,Wayne,0.1262,0.8393,0.0345,8301
Illinois,17193,White,0.1925,0.7689,0.0386,7335
Illinois,17195,Whiteside,0.4314,0.4931,0.0755,25582
Illinois,17197,Will,0.4994,0.4363,0.0644,304226
Illinois,17199,Williamson,0.2694,0.6772,0.0534,31852
Illinois,17201,Winnebago,0.4641,0.4633,0.0726,120055
Illinois,17203,Woodford,0.2563,0.6649,0.0788,19864
Indiana,18001,Adams,0.2126,0.7312,0.0562,13194
Indiana,18003,Allen,0.3726,0.5647,0.0627,148632
Indiana,18005,Bartholomew,0.3008,0.6309,0.0683,32717
Indiana,18007,Benton,0.2332,0.6993,0.0675,3688
Indiana,18009,Blackford,0.2547,0.6863,0.059,4881
Indiana,18011,Boone,0.3129,0.6041,0.083,32537
Indiana,18013,Brown,0.3147,0.6269,0.0584,8001
Indiana,18015,Carroll,0.2174,0.721,0.0616,8701
Indiana,18017,Cass,0.2646,0.6827,0.0527,14209
Indiana,18019,Clark,0.3632,0.5799,0.0569,51789
Indiana,18021,Clay,0.2034,0.7526,0.0439,11335
Indiana,18023,Clinton,0.2351,0.7115,0.0535,11991
Indiana,18025,Crawford,0.285,0.6495,0.0655,4642
Indiana,18027,Daviess,0.1664,0.7898,0.0438,10819
Indiana,18029,Dearborn,0.2024,0.7506,0.047,24131
Indiana,18031,Decatur,0.1897,0.7595,0.0507,11178
Indiana,18033,DeKalb,0.2319,0.7092,0.0588,16996
Indiana,18035,Delaware,0.3989,0.5331,0.068,45509
Indiana,18037,Dubois,0.2682,0.6651,0.0667,20095
Indiana,18039,Elkhart,0.3131,0.6321,0.0548,66239
Indiana,18041,Fayette,0.2346,0.7125,0.0528,9598
Indiana,18043,Floyd,0.3685,0.5664,0.0651,37842
Indiana,18045,Fountain,0.1959,0.7515,0.0526,7534
Indiana,18047,Franklin,0.1774,0.7812,0.0414,11097
Indiana,18049,Fulton,0.2323,0.7123,0.0554,8437
Indiana,18051,Gibson,0.2403,0.7156,0.044,15484
Indiana,18053,Grant,0.2741,0.6651,0.0608,25572
Indiana,18055,Greene,0.2113,0.7414,0.0473,13861
Indiana,18057,Hamilton,0.3672,0.5604,0.0724,155966
Indiana,18059,Hancock,0.2442,0.6876,0.0683,36468
Indiana,18061,Harrison,0.2577,0.6974,0.0448,18558
Indiana,18063,Hendricks,0.2967,0.6345,0.0689,76184
Indiana,18065,Henry,0.2525,0.6848,0.0626,20290
Indiana,18067,Howard,0.3003,0.634,0.0657,37342
Indiana,18069,Huntington,0.2167,0.7199,0.0634,16181
Indiana,18071,Jackson,0.2175,0.7279,0.0546,17667
Indiana,18073,Jasper,0.247,0.6961,0.0569,13478
Indiana,18075,Jay,0.2355,0.7102,0.0544,8022
Indiana,18077,Jefferson,0.3169,0.6259,0.0572,13653
Indiana,18079,Jennings,0.2105,0.7323,0.0573,11231
Indiana,18081,Johnson,0.2579,0.677,0.0651,67147
Indiana,18083,Knox,0.2418,0.71,0.0483,15602
Indiana,18085,Kosciusko,0.1946,0.7378,0.0676,32441
Indiana,18087,LaGrange,0.2152,0.7268,0.058,9666
Indiana,18089,Lake,0.5766,0.3729,0.0505,202803
Indiana,18091,LaPorte,0.4341,0.4974,0.0685,45609
Indiana,18093,Lawrence,0.2188,0.7295,0.0516,19238
Indiana,18095,Madison,0.342,0.5954,0.0627,54378
Indiana,18097,Marion,0.5803,0.3553,0.0644,366879
Indiana,18099,Marshall,0.263,0.6736,0.0633,18241
Indiana,18101,Martin,0.1818,0.7629,0.0553,4846
Indiana,18103,Miami,0.2034,0.7334,0.0632,13601
Indiana,18105,Monroe,0.5853,0.3523,0.0624,58454
Indiana,18107,Montgomery,0.2201,0.7241,0.0557,15272
Indiana,18109,Morgan,0.1921,0.7528,0.0551,31446
Indiana,18111,Newton,0.2396,0.6957,0.0647,5860
Indiana,18113,Noble,0.2283,0.7132,0.0586,17104
Indiana,18115,Ohio,0.2349,0.7251,0.0401,2921
Indiana,18117,Orange,0.2474,0.701,0.0516,8278
Indiana,18119,Owen,0.2259,0.7141,0.06,8616
Indiana,18121,Parke,0.2171,0.7328,0.05,6636
Indiana,18123,Perry,0.3784,0.563,0.0586,8092
Indiana,18125,Pike,0.217,0.7358,0.0472,5977
Indiana,18127,Porter,0.4303,0.4962,0.0736,78266
Indiana,18129,Posey,0.2796,0.6674,0.053,12592
Indiana,18131,Pulaski,0.2431,0.706,0.0509,5459
Indiana,18133,Putnam,0.2265,0.7178,0.0557,14818
Indiana,18135,Randolph,0.2324,0.7143,0.0532,10523
Indiana,18137,Ripley,0.191,0.7581,0.0509,12935
Indiana,18139,Rush,0.2099,0.7283,0.0618,7266
Indiana,18141,St. Joseph,0.4672,0.4651,0.0677,111842
Indiana,18143,Scott,0.2888,0.664,0.0471,9147
Indiana,18145,Shelby,0.2349,0.7034,0.0617,18080
Indiana,18147,Spencer,0.2847,0.6541,0.0612,10048
Indiana,18149,Starke,0.2672,0.6834,0.0494,9316
Indiana,18151,Steuben,0.2545,0.6887,0.0569,14714
Indiana,18153,Sullivan,0.2453,0.7126,0.042,8613
Indiana,18155,Switzerland,0.2507,0.6897,0.0596,3709
Indiana,18157,Tippecanoe,0.4307,0.4857,0.0835,63342
Indiana,18159,Tipton,0.2113,0.7442,0.0445,7510
Indiana,18161,Union,0.2157,0.7376,0.0468,3315
Indiana,18163,Vanderburgh,0.3888,0.5519,0.0593,73375
Indiana,18165,Vermillion,0.2984,0.6472,0.0544,6973
Indiana,18167,Vigo,0.397,0.5467,0.0563,40127
Indiana,18169,Wabash,0.2227,0.7247,0.0526,13552
Indiana,18171,Warren,0.2122,0.7331,0.0546,3953
Indiana,18173,Warrick,0.3035,0.6384,0.0581,29940
Indiana,18175,Washington,0.2316,0.7212,0.0472,11382
Indiana,18177,Wayne,0.3253,0.6266,0.048,25579
Indiana,18179,Wells,0.1946,0.753,0.0524,13287
Indiana,18181,White,0.2565,0.6827,0.0608,10097
Indiana,18183,Whitley,0.2144,0.7207,0.0649,15759
Iowa,19001,Adair,0.2973,0.6458,0.0569,3811
Iowa,19003,Adams,0.2683,0.6624,0.0693,2106
Iowa,19005,Allamakee,0.3497,0.5912,0.0591,6923
Iowa,19007,Appanoose,0.2956,0.6573,0.0471,6136
Iowa,19009,Audubon,0.3165,0.626,0.0574,3412
Iowa,19011,Benton,0.3379,0.5946,0.0675,13844
Iowa,19013,Black Hawk,0.5005,0.4266,0.0729,64405
Iowa,19015,Boone,0.3903,0.5272,0.0825,14196
Iowa,19017,Bremer,0.3956,0.5324,0.0719,13538
Iowa,19019,Buchanan,0.3872,0.5375,0.0753,10252
Iowa,19021,Buena Vista,0.345,0.5923,0.0627,8278
Iowa,19023,Butler,0.2871,0.655,0.0579,7513
Iowa,19025,Calhoun,0.271,0.6722,0.0568,5159
Iowa,19027,Carroll,0.3138,0.6296,0.0566,10544
Iowa,19029,Cass,0.2738,0.6682,0.058,7125
Iowa,19031,Cedar,0.3772,0.555,0.0678,9541
Iowa,19033,Cerro Gordo,0.4294,0.506,0.0645,22965
Iowa,19035,Cherokee,0.2683,0.6699,0.0618,6258
Iowa,19037,Chickasaw,0.3521,0.5815,0.0664,6435
Iowa,19039,Clarke,0.3289,0.6091,0.062,4454
Iowa,19041,Clay,0.261,0.682,0.057,8617
Iowa,19043,Clayton,0.3546,0.5824,0.063,9129
Iowa,19045,Clinton,0.4376,0.4888,0.0735,23067
